from h2o.geometry.quadratures.quadrature import *


def get_number_of_quadrature_points_in_quadrangle(integration_order: int) -> int:
    """

    Args:
        integration_order:

    Returns:

    """
    qw = get_reference_quadrangle_quadrature_item(integration_order, QuadratureItem.WEIGHTS)
    number_of_quadrature_points_in_triangle = len(qw)
    return number_of_quadrature_points_in_triangle


def get_reference_quadrangle_quadrature_item(integration_order: int, quadrature_item: QuadratureItem) -> ndarray:
    """

    QUADRATURE RULE BASED ON QUADPY scheme = quadpy.t2.get_good_scheme(integration_order)

    Args:
        integration_order:

    Returns:

    """
    if integration_order == 1:
        reference_points = [
            [0.2500000000000000, 0.2500000000000000, 0.2500000000000000, 0.2500000000000000],
        ]
        reference_weights = [
            1.0000000000000000,
        ]
        jacobian = [
            [
                [-0.5000000000000000, 0.5000000000000000, 0.5000000000000000, -0.5000000000000000],
                [-0.5000000000000000, -0.5000000000000000, 0.5000000000000000, 0.5000000000000000],
                [-0.5000000000000000, 0.5000000000000000, 0.5000000000000000, -0.5000000000000000],
                [-0.5000000000000000, -0.5000000000000000, 0.5000000000000000, 0.5000000000000000],
            ],
        ]
    elif integration_order == 2:
        reference_points = [
            [0.0458758547680685, 0.4541241452319315, 0.4541241452319315, 0.0458758547680685],
            [0.4541241452319315, 0.0458758547680685, 0.0458758547680685, 0.4541241452319315],
            [0.0458758547680685, 0.0458758547680685, 0.4541241452319315, 0.4541241452319315],
            [0.4541241452319315, 0.4541241452319315, 0.0458758547680685, 0.0458758547680685],
        ]
        reference_weights = [
            0.2500000000000000,
            0.2500000000000000,
            0.2500000000000000,
            0.2500000000000000,
        ]
        jacobian = [
            [
                [-0.5000000000000000, 0.5000000000000000, 0.5000000000000000, -0.5000000000000000],
                [-0.0917517095361370, -0.9082482904638630, 0.9082482904638630, 0.0917517095361370],
                [-0.5000000000000000, 0.5000000000000000, 0.5000000000000000, -0.5000000000000000],
                [-0.0917517095361370, -0.9082482904638630, 0.9082482904638630, 0.0917517095361370],
            ],
            [
                [-0.5000000000000000, 0.5000000000000000, 0.5000000000000000, -0.5000000000000000],
                [-0.9082482904638630, -0.0917517095361370, 0.0917517095361370, 0.9082482904638630],
                [-0.5000000000000000, 0.5000000000000000, 0.5000000000000000, -0.5000000000000000],
                [-0.9082482904638630, -0.0917517095361370, 0.0917517095361370, 0.9082482904638630],
            ],
            [
                [-0.0917517095361370, 0.0917517095361370, 0.9082482904638630, -0.9082482904638630],
                [-0.5000000000000000, -0.5000000000000000, 0.5000000000000000, 0.5000000000000000],
                [-0.0917517095361370, 0.0917517095361370, 0.9082482904638630, -0.9082482904638630],
                [-0.5000000000000000, -0.5000000000000000, 0.5000000000000000, 0.5000000000000000],
            ],
            [
                [-0.9082482904638630, 0.9082482904638630, 0.0917517095361370, -0.0917517095361370],
                [-0.5000000000000000, -0.5000000000000000, 0.5000000000000000, 0.5000000000000000],
                [-0.9082482904638630, 0.9082482904638630, 0.0917517095361370, -0.0917517095361370],
                [-0.5000000000000000, -0.5000000000000000, 0.5000000000000000, 0.5000000000000000],
            ],
        ]
    elif integration_order == 3:
        reference_points = [
            [0.0458758547680685, 0.4541241452319315, 0.4541241452319315, 0.0458758547680685],
            [0.4541241452319315, 0.0458758547680685, 0.0458758547680685, 0.4541241452319315],
            [0.0458758547680685, 0.0458758547680685, 0.4541241452319315, 0.4541241452319315],
            [0.4541241452319315, 0.4541241452319315, 0.0458758547680685, 0.0458758547680685],
        ]
        reference_weights = [
            0.2500000000000000,
            0.2500000000000000,
            0.2500000000000000,
            0.2500000000000000,
        ]
        jacobian = [
            [
                [-0.5000000000000000, 0.5000000000000000, 0.5000000000000000, -0.5000000000000000],
                [-0.0917517095361370, -0.9082482904638630, 0.9082482904638630, 0.0917517095361370],
                [-0.5000000000000000, 0.5000000000000000, 0.5000000000000000, -0.5000000000000000],
                [-0.0917517095361370, -0.9082482904638630, 0.9082482904638630, 0.0917517095361370],
            ],
            [
                [-0.5000000000000000, 0.5000000000000000, 0.5000000000000000, -0.5000000000000000],
                [-0.9082482904638630, -0.0917517095361370, 0.0917517095361370, 0.9082482904638630],
                [-0.5000000000000000, 0.5000000000000000, 0.5000000000000000, -0.5000000000000000],
                [-0.9082482904638630, -0.0917517095361370, 0.0917517095361370, 0.9082482904638630],
            ],
            [
                [-0.0917517095361370, 0.0917517095361370, 0.9082482904638630, -0.9082482904638630],
                [-0.5000000000000000, -0.5000000000000000, 0.5000000000000000, 0.5000000000000000],
                [-0.0917517095361370, 0.0917517095361370, 0.9082482904638630, -0.9082482904638630],
                [-0.5000000000000000, -0.5000000000000000, 0.5000000000000000, 0.5000000000000000],
            ],
            [
                [-0.9082482904638630, 0.9082482904638630, 0.0917517095361370, -0.0917517095361370],
                [-0.5000000000000000, -0.5000000000000000, 0.5000000000000000, 0.5000000000000000],
                [-0.9082482904638630, 0.9082482904638630, 0.0917517095361370, -0.0917517095361370],
                [-0.5000000000000000, -0.5000000000000000, 0.5000000000000000, 0.5000000000000000],
            ],
        ]
    elif integration_order == 4:
        reference_points = [
            [0.0792174872340067, 0.4207825127659933, 0.4207825127659933, 0.0792174872340067],
            [0.4207825127659933, 0.0792174872340067, 0.0792174872340067, 0.4207825127659933],
            [0.0792174872340067, 0.0792174872340067, 0.4207825127659933, 0.4207825127659933],
            [0.4207825127659933, 0.4207825127659933, 0.0792174872340067, 0.0792174872340067],
            [0.0034858926003460, 0.0555555555555556, 0.8854029962885428, 0.0555555555555556],
            [0.0555555555555556, 0.0034858926003460, 0.0555555555555556, 0.8854029962885428],
            [0.0555555555555556, 0.8854029962885428, 0.0555555555555556, 0.0034858926003460],
            [0.8854029962885428, 0.0555555555555556, 0.0034858926003460, 0.0555555555555556],
        ]
        reference_weights = [
            0.2040816326530612,
            0.2040816326530612,
            0.2040816326530612,
            0.2040816326530612,
            0.0459183673469388,
            0.0459183673469388,
            0.0459183673469388,
            0.0459183673469388,
        ]
        jacobian = [
            [
                [-0.5000000000000000, 0.5000000000000000, 0.5000000000000000, -0.5000000000000000],
                [-0.1584349744680134, -0.8415650255319866, 0.8415650255319866, 0.1584349744680134],
                [-0.5000000000000000, 0.5000000000000000, 0.5000000000000000, -0.5000000000000000],
                [-0.1584349744680134, -0.8415650255319866, 0.8415650255319866, 0.1584349744680134],
            ],
            [
                [-0.5000000000000000, 0.5000000000000000, 0.5000000000000000, -0.5000000000000000],
                [-0.8415650255319866, -0.1584349744680134, 0.1584349744680134, 0.8415650255319866],
                [-0.5000000000000000, 0.5000000000000000, 0.5000000000000000, -0.5000000000000000],
                [-0.8415650255319866, -0.1584349744680134, 0.1584349744680134, 0.8415650255319866],
            ],
            [
                [-0.1584349744680134, 0.1584349744680134, 0.8415650255319866, -0.8415650255319866],
                [-0.5000000000000000, -0.5000000000000000, 0.5000000000000000, 0.5000000000000000],
                [-0.1584349744680134, 0.1584349744680134, 0.8415650255319866, -0.8415650255319866],
                [-0.5000000000000000, -0.5000000000000000, 0.5000000000000000, 0.5000000000000000],
            ],
            [
                [-0.8415650255319866, 0.8415650255319866, 0.1584349744680134, -0.1584349744680134],
                [-0.5000000000000000, -0.5000000000000000, 0.5000000000000000, 0.5000000000000000],
                [-0.8415650255319866, 0.8415650255319866, 0.1584349744680134, -0.1584349744680134],
                [-0.5000000000000000, -0.5000000000000000, 0.5000000000000000, 0.5000000000000000],
            ],
            [
                [-0.0590414481559016, 0.0590414481559016, 0.9409585518440984, -0.9409585518440984],
                [-0.0590414481559016, -0.9409585518440984, 0.9409585518440984, 0.0590414481559016],
                [-0.0590414481559016, 0.0590414481559016, 0.9409585518440984, -0.9409585518440984],
                [-0.0590414481559016, -0.9409585518440984, 0.9409585518440984, 0.0590414481559016],
            ],
            [
                [-0.0590414481559016, 0.0590414481559016, 0.9409585518440984, -0.9409585518440984],
                [-0.9409585518440984, -0.0590414481559016, 0.0590414481559016, 0.9409585518440984],
                [-0.0590414481559016, 0.0590414481559016, 0.9409585518440984, -0.9409585518440984],
                [-0.9409585518440984, -0.0590414481559016, 0.0590414481559016, 0.9409585518440984],
            ],
            [
                [-0.9409585518440984, 0.9409585518440984, 0.0590414481559016, -0.0590414481559016],
                [-0.0590414481559016, -0.9409585518440984, 0.9409585518440984, 0.0590414481559016],
                [-0.9409585518440984, 0.9409585518440984, 0.0590414481559016, -0.0590414481559016],
                [-0.0590414481559016, -0.9409585518440984, 0.9409585518440984, 0.0590414481559016],
            ],
            [
                [-0.9409585518440984, 0.9409585518440984, 0.0590414481559016, -0.0590414481559016],
                [-0.9409585518440984, -0.0590414481559016, 0.0590414481559016, 0.9409585518440984],
                [-0.9409585518440984, 0.9409585518440984, 0.0590414481559016, -0.0590414481559016],
                [-0.9409585518440984, -0.0590414481559016, 0.0590414481559016, 0.9409585518440984],
            ],
        ]
    elif integration_order == 5:
        reference_points = [
            [0.0792174872340067, 0.4207825127659933, 0.4207825127659933, 0.0792174872340067],
            [0.4207825127659933, 0.0792174872340067, 0.0792174872340067, 0.4207825127659933],
            [0.0792174872340067, 0.0792174872340067, 0.4207825127659933, 0.4207825127659933],
            [0.4207825127659933, 0.4207825127659933, 0.0792174872340067, 0.0792174872340067],
            [0.0034858926003460, 0.0555555555555556, 0.8854029962885428, 0.0555555555555556],
            [0.0555555555555556, 0.0034858926003460, 0.0555555555555556, 0.8854029962885428],
            [0.0555555555555556, 0.8854029962885428, 0.0555555555555556, 0.0034858926003460],
            [0.8854029962885428, 0.0555555555555556, 0.0034858926003460, 0.0555555555555556],
        ]
        reference_weights = [
            0.2040816326530612,
            0.2040816326530612,
            0.2040816326530612,
            0.2040816326530612,
            0.0459183673469388,
            0.0459183673469388,
            0.0459183673469388,
            0.0459183673469388,
        ]
        jacobian = [
            [
                [-0.5000000000000000, 0.5000000000000000, 0.5000000000000000, -0.5000000000000000],
                [-0.1584349744680134, -0.8415650255319866, 0.8415650255319866, 0.1584349744680134],
                [-0.5000000000000000, 0.5000000000000000, 0.5000000000000000, -0.5000000000000000],
                [-0.1584349744680134, -0.8415650255319866, 0.8415650255319866, 0.1584349744680134],
            ],
            [
                [-0.5000000000000000, 0.5000000000000000, 0.5000000000000000, -0.5000000000000000],
                [-0.8415650255319866, -0.1584349744680134, 0.1584349744680134, 0.8415650255319866],
                [-0.5000000000000000, 0.5000000000000000, 0.5000000000000000, -0.5000000000000000],
                [-0.8415650255319866, -0.1584349744680134, 0.1584349744680134, 0.8415650255319866],
            ],
            [
                [-0.1584349744680134, 0.1584349744680134, 0.8415650255319866, -0.8415650255319866],
                [-0.5000000000000000, -0.5000000000000000, 0.5000000000000000, 0.5000000000000000],
                [-0.1584349744680134, 0.1584349744680134, 0.8415650255319866, -0.8415650255319866],
                [-0.5000000000000000, -0.5000000000000000, 0.5000000000000000, 0.5000000000000000],
            ],
            [
                [-0.8415650255319866, 0.8415650255319866, 0.1584349744680134, -0.1584349744680134],
                [-0.5000000000000000, -0.5000000000000000, 0.5000000000000000, 0.5000000000000000],
                [-0.8415650255319866, 0.8415650255319866, 0.1584349744680134, -0.1584349744680134],
                [-0.5000000000000000, -0.5000000000000000, 0.5000000000000000, 0.5000000000000000],
            ],
            [
                [-0.0590414481559016, 0.0590414481559016, 0.9409585518440984, -0.9409585518440984],
                [-0.0590414481559016, -0.9409585518440984, 0.9409585518440984, 0.0590414481559016],
                [-0.0590414481559016, 0.0590414481559016, 0.9409585518440984, -0.9409585518440984],
                [-0.0590414481559016, -0.9409585518440984, 0.9409585518440984, 0.0590414481559016],
            ],
            [
                [-0.0590414481559016, 0.0590414481559016, 0.9409585518440984, -0.9409585518440984],
                [-0.9409585518440984, -0.0590414481559016, 0.0590414481559016, 0.9409585518440984],
                [-0.0590414481559016, 0.0590414481559016, 0.9409585518440984, -0.9409585518440984],
                [-0.9409585518440984, -0.0590414481559016, 0.0590414481559016, 0.9409585518440984],
            ],
            [
                [-0.9409585518440984, 0.9409585518440984, 0.0590414481559016, -0.0590414481559016],
                [-0.0590414481559016, -0.9409585518440984, 0.9409585518440984, 0.0590414481559016],
                [-0.9409585518440984, 0.9409585518440984, 0.0590414481559016, -0.0590414481559016],
                [-0.0590414481559016, -0.9409585518440984, 0.9409585518440984, 0.0590414481559016],
            ],
            [
                [-0.9409585518440984, 0.9409585518440984, 0.0590414481559016, -0.0590414481559016],
                [-0.9409585518440984, -0.0590414481559016, 0.0590414481559016, 0.9409585518440984],
                [-0.9409585518440984, 0.9409585518440984, 0.0590414481559016, -0.0590414481559016],
                [-0.9409585518440984, -0.0590414481559016, 0.0590414481559016, 0.9409585518440984],
            ],
        ]
    elif integration_order == 6:
        reference_points = [
            [0.0185449750568621, 0.4814550249431379, 0.4814550249431379, 0.0185449750568621],
            [0.4814550249431379, 0.0185449750568621, 0.0185449750568621, 0.4814550249431379],
            [0.0185449750568621, 0.0185449750568621, 0.4814550249431379, 0.4814550249431379],
            [0.4814550249431379, 0.4814550249431379, 0.0185449750568621, 0.0185449750568621],
            [0.0959282025544677, 0.2137945808413744, 0.4764826357627835, 0.2137945808413744],
            [0.0094109611590785, 0.0875991473816221, 0.8153907440776772, 0.0875991473816221],
            [0.2137945808413744, 0.0959282025544677, 0.2137945808413744, 0.4764826357627835],
            [0.0875991473816221, 0.0094109611590785, 0.0875991473816221, 0.8153907440776772],
            [0.2137945808413744, 0.4764826357627835, 0.2137945808413744, 0.0959282025544677],
            [0.0875991473816221, 0.8153907440776772, 0.0875991473816221, 0.0094109611590785],
            [0.4764826357627835, 0.2137945808413744, 0.0959282025544677, 0.2137945808413744],
            [0.8153907440776772, 0.0875991473816221, 0.0094109611590785, 0.0875991473816221],
        ]
        reference_weights = [
            0.0604938271604938,
            0.0604938271604938,
            0.0604938271604938,
            0.0604938271604938,
            0.1301482291668486,
            0.0593579436726576,
            0.1301482291668486,
            0.0593579436726576,
            0.1301482291668486,
            0.0593579436726576,
            0.1301482291668486,
            0.0593579436726576,
        ]
        jacobian = [
            [
                [-0.5000000000000000, 0.5000000000000000, 0.5000000000000000, -0.5000000000000000],
                [-0.0370899501137243, -0.9629100498862757, 0.9629100498862757, 0.0370899501137243],
                [-0.5000000000000000, 0.5000000000000000, 0.5000000000000000, -0.5000000000000000],
                [-0.0370899501137243, -0.9629100498862757, 0.9629100498862757, 0.0370899501137243],
            ],
            [
                [-0.5000000000000000, 0.5000000000000000, 0.5000000000000000, -0.5000000000000000],
                [-0.9629100498862757, -0.0370899501137243, 0.0370899501137243, 0.9629100498862757],
                [-0.5000000000000000, 0.5000000000000000, 0.5000000000000000, -0.5000000000000000],
                [-0.9629100498862757, -0.0370899501137243, 0.0370899501137243, 0.9629100498862757],
            ],
            [
                [-0.0370899501137243, 0.0370899501137243, 0.9629100498862757, -0.9629100498862757],
                [-0.5000000000000000, -0.5000000000000000, 0.5000000000000000, 0.5000000000000000],
                [-0.0370899501137243, 0.0370899501137243, 0.9629100498862757, -0.9629100498862757],
                [-0.5000000000000000, -0.5000000000000000, 0.5000000000000000, 0.5000000000000000],
            ],
            [
                [-0.9629100498862757, 0.9629100498862757, 0.0370899501137243, -0.0370899501137243],
                [-0.5000000000000000, -0.5000000000000000, 0.5000000000000000, 0.5000000000000000],
                [-0.9629100498862757, 0.9629100498862757, 0.0370899501137243, -0.0370899501137243],
                [-0.5000000000000000, -0.5000000000000000, 0.5000000000000000, 0.5000000000000000],
            ],
            [
                [-0.3097227833958421, 0.3097227833958421, 0.6902772166041579, -0.6902772166041579],
                [-0.3097227833958421, -0.6902772166041579, 0.6902772166041579, 0.3097227833958421],
                [-0.3097227833958421, 0.3097227833958421, 0.6902772166041579, -0.6902772166041579],
                [-0.3097227833958421, -0.6902772166041579, 0.6902772166041579, 0.3097227833958421],
            ],
            [
                [-0.0970101085407006, 0.0970101085407006, 0.9029898914592993, -0.9029898914592993],
                [-0.0970101085407006, -0.9029898914592993, 0.9029898914592993, 0.0970101085407006],
                [-0.0970101085407006, 0.0970101085407006, 0.9029898914592993, -0.9029898914592993],
                [-0.0970101085407006, -0.9029898914592993, 0.9029898914592993, 0.0970101085407006],
            ],
            [
                [-0.3097227833958421, 0.3097227833958421, 0.6902772166041579, -0.6902772166041579],
                [-0.6902772166041579, -0.3097227833958421, 0.3097227833958421, 0.6902772166041579],
                [-0.3097227833958421, 0.3097227833958421, 0.6902772166041579, -0.6902772166041579],
                [-0.6902772166041579, -0.3097227833958421, 0.3097227833958421, 0.6902772166041579],
            ],
            [
                [-0.0970101085407006, 0.0970101085407006, 0.9029898914592993, -0.9029898914592993],
                [-0.9029898914592993, -0.0970101085407006, 0.0970101085407006, 0.9029898914592993],
                [-0.0970101085407006, 0.0970101085407006, 0.9029898914592993, -0.9029898914592993],
                [-0.9029898914592993, -0.0970101085407006, 0.0970101085407006, 0.9029898914592993],
            ],
            [
                [-0.6902772166041579, 0.6902772166041579, 0.3097227833958421, -0.3097227833958421],
                [-0.3097227833958421, -0.6902772166041579, 0.6902772166041579, 0.3097227833958421],
                [-0.6902772166041579, 0.6902772166041579, 0.3097227833958421, -0.3097227833958421],
                [-0.3097227833958421, -0.6902772166041579, 0.6902772166041579, 0.3097227833958421],
            ],
            [
                [-0.9029898914592993, 0.9029898914592993, 0.0970101085407006, -0.0970101085407006],
                [-0.0970101085407006, -0.9029898914592993, 0.9029898914592993, 0.0970101085407006],
                [-0.9029898914592993, 0.9029898914592993, 0.0970101085407006, -0.0970101085407006],
                [-0.0970101085407006, -0.9029898914592993, 0.9029898914592993, 0.0970101085407006],
            ],
            [
                [-0.6902772166041579, 0.6902772166041579, 0.3097227833958421, -0.3097227833958421],
                [-0.6902772166041579, -0.3097227833958421, 0.3097227833958421, 0.6902772166041579],
                [-0.6902772166041579, 0.6902772166041579, 0.3097227833958421, -0.3097227833958421],
                [-0.6902772166041579, -0.3097227833958421, 0.3097227833958421, 0.6902772166041579],
            ],
            [
                [-0.9029898914592993, 0.9029898914592993, 0.0970101085407006, -0.0970101085407006],
                [-0.9029898914592993, -0.0970101085407006, 0.0970101085407006, 0.9029898914592993],
                [-0.9029898914592993, 0.9029898914592993, 0.0970101085407006, -0.0970101085407006],
                [-0.9029898914592993, -0.0970101085407006, 0.0970101085407006, 0.9029898914592993],
            ],
        ]
    elif integration_order == 7:
        reference_points = [
            [0.0185449750568621, 0.4814550249431379, 0.4814550249431379, 0.0185449750568621],
            [0.4814550249431379, 0.0185449750568621, 0.0185449750568621, 0.4814550249431379],
            [0.0185449750568621, 0.0185449750568621, 0.4814550249431379, 0.4814550249431379],
            [0.4814550249431379, 0.4814550249431379, 0.0185449750568621, 0.0185449750568621],
            [0.0959282025544677, 0.2137945808413744, 0.4764826357627835, 0.2137945808413744],
            [0.0094109611590785, 0.0875991473816221, 0.8153907440776772, 0.0875991473816221],
            [0.2137945808413744, 0.0959282025544677, 0.2137945808413744, 0.4764826357627835],
            [0.0875991473816221, 0.0094109611590785, 0.0875991473816221, 0.8153907440776772],
            [0.2137945808413744, 0.4764826357627835, 0.2137945808413744, 0.0959282025544677],
            [0.0875991473816221, 0.8153907440776772, 0.0875991473816221, 0.0094109611590785],
            [0.4764826357627835, 0.2137945808413744, 0.0959282025544677, 0.2137945808413744],
            [0.8153907440776772, 0.0875991473816221, 0.0094109611590785, 0.0875991473816221],
        ]
        reference_weights = [
            0.0604938271604938,
            0.0604938271604938,
            0.0604938271604938,
            0.0604938271604938,
            0.1301482291668486,
            0.0593579436726576,
            0.1301482291668486,
            0.0593579436726576,
            0.1301482291668486,
            0.0593579436726576,
            0.1301482291668486,
            0.0593579436726576,
        ]
        jacobian = [
            [
                [-0.5000000000000000, 0.5000000000000000, 0.5000000000000000, -0.5000000000000000],
                [-0.0370899501137243, -0.9629100498862757, 0.9629100498862757, 0.0370899501137243],
                [-0.5000000000000000, 0.5000000000000000, 0.5000000000000000, -0.5000000000000000],
                [-0.0370899501137243, -0.9629100498862757, 0.9629100498862757, 0.0370899501137243],
            ],
            [
                [-0.5000000000000000, 0.5000000000000000, 0.5000000000000000, -0.5000000000000000],
                [-0.9629100498862757, -0.0370899501137243, 0.0370899501137243, 0.9629100498862757],
                [-0.5000000000000000, 0.5000000000000000, 0.5000000000000000, -0.5000000000000000],
                [-0.9629100498862757, -0.0370899501137243, 0.0370899501137243, 0.9629100498862757],
            ],
            [
                [-0.0370899501137243, 0.0370899501137243, 0.9629100498862757, -0.9629100498862757],
                [-0.5000000000000000, -0.5000000000000000, 0.5000000000000000, 0.5000000000000000],
                [-0.0370899501137243, 0.0370899501137243, 0.9629100498862757, -0.9629100498862757],
                [-0.5000000000000000, -0.5000000000000000, 0.5000000000000000, 0.5000000000000000],
            ],
            [
                [-0.9629100498862757, 0.9629100498862757, 0.0370899501137243, -0.0370899501137243],
                [-0.5000000000000000, -0.5000000000000000, 0.5000000000000000, 0.5000000000000000],
                [-0.9629100498862757, 0.9629100498862757, 0.0370899501137243, -0.0370899501137243],
                [-0.5000000000000000, -0.5000000000000000, 0.5000000000000000, 0.5000000000000000],
            ],
            [
                [-0.3097227833958421, 0.3097227833958421, 0.6902772166041579, -0.6902772166041579],
                [-0.3097227833958421, -0.6902772166041579, 0.6902772166041579, 0.3097227833958421],
                [-0.3097227833958421, 0.3097227833958421, 0.6902772166041579, -0.6902772166041579],
                [-0.3097227833958421, -0.6902772166041579, 0.6902772166041579, 0.3097227833958421],
            ],
            [
                [-0.0970101085407006, 0.0970101085407006, 0.9029898914592993, -0.9029898914592993],
                [-0.0970101085407006, -0.9029898914592993, 0.9029898914592993, 0.0970101085407006],
                [-0.0970101085407006, 0.0970101085407006, 0.9029898914592993, -0.9029898914592993],
                [-0.0970101085407006, -0.9029898914592993, 0.9029898914592993, 0.0970101085407006],
            ],
            [
                [-0.3097227833958421, 0.3097227833958421, 0.6902772166041579, -0.6902772166041579],
                [-0.6902772166041579, -0.3097227833958421, 0.3097227833958421, 0.6902772166041579],
                [-0.3097227833958421, 0.3097227833958421, 0.6902772166041579, -0.6902772166041579],
                [-0.6902772166041579, -0.3097227833958421, 0.3097227833958421, 0.6902772166041579],
            ],
            [
                [-0.0970101085407006, 0.0970101085407006, 0.9029898914592993, -0.9029898914592993],
                [-0.9029898914592993, -0.0970101085407006, 0.0970101085407006, 0.9029898914592993],
                [-0.0970101085407006, 0.0970101085407006, 0.9029898914592993, -0.9029898914592993],
                [-0.9029898914592993, -0.0970101085407006, 0.0970101085407006, 0.9029898914592993],
            ],
            [
                [-0.6902772166041579, 0.6902772166041579, 0.3097227833958421, -0.3097227833958421],
                [-0.3097227833958421, -0.6902772166041579, 0.6902772166041579, 0.3097227833958421],
                [-0.6902772166041579, 0.6902772166041579, 0.3097227833958421, -0.3097227833958421],
                [-0.3097227833958421, -0.6902772166041579, 0.6902772166041579, 0.3097227833958421],
            ],
            [
                [-0.9029898914592993, 0.9029898914592993, 0.0970101085407006, -0.0970101085407006],
                [-0.0970101085407006, -0.9029898914592993, 0.9029898914592993, 0.0970101085407006],
                [-0.9029898914592993, 0.9029898914592993, 0.0970101085407006, -0.0970101085407006],
                [-0.0970101085407006, -0.9029898914592993, 0.9029898914592993, 0.0970101085407006],
            ],
            [
                [-0.6902772166041579, 0.6902772166041579, 0.3097227833958421, -0.3097227833958421],
                [-0.6902772166041579, -0.3097227833958421, 0.3097227833958421, 0.6902772166041579],
                [-0.6902772166041579, 0.6902772166041579, 0.3097227833958421, -0.3097227833958421],
                [-0.6902772166041579, -0.3097227833958421, 0.3097227833958421, 0.6902772166041579],
            ],
            [
                [-0.9029898914592993, 0.9029898914592993, 0.0970101085407006, -0.0970101085407006],
                [-0.9029898914592993, -0.0970101085407006, 0.0970101085407006, 0.9029898914592993],
                [-0.9029898914592993, 0.9029898914592993, 0.0970101085407006, -0.0970101085407006],
                [-0.9029898914592993, -0.0970101085407006, 0.0970101085407006, 0.9029898914592993],
            ],
        ]
    elif integration_order == 8:
        reference_points = [
            [0.0038650470144369, 0.4961349529855631, 0.4961349529855631, 0.0038650470144369],
            [0.1277784142894069, 0.3722215857105931, 0.3722215857105931, 0.1277784142894069],
            [0.4961349529855631, 0.0038650470144369, 0.0038650470144369, 0.4961349529855631],
            [0.3722215857105931, 0.1277784142894069, 0.1277784142894069, 0.3722215857105931],
            [0.0038650470144369, 0.0038650470144369, 0.4961349529855631, 0.4961349529855631],
            [0.1277784142894069, 0.1277784142894069, 0.3722215857105931, 0.3722215857105931],
            [0.4961349529855631, 0.4961349529855631, 0.0038650470144369, 0.0038650470144369],
            [0.3722215857105931, 0.3722215857105931, 0.1277784142894069, 0.1277784142894069],
            [0.0009130281873982, 0.0293033281018409, 0.9404803156089200, 0.0293033281018409],
            [0.0293033281018409, 0.0009130281873982, 0.0293033281018409, 0.9404803156089200],
            [0.0293033281018409, 0.9404803156089200, 0.0293033281018409, 0.0009130281873982],
            [0.9404803156089200, 0.0293033281018409, 0.0009130281873982, 0.0293033281018409],
            [0.0201100716280766, 0.2262015415346168, 0.6921536209773776, 0.0615347658599289],
            [0.2262015415346168, 0.0201100716280766, 0.0615347658599289, 0.6921536209773776],
            [0.0615347658599289, 0.6921536209773776, 0.2262015415346168, 0.0201100716280766],
            [0.6921536209773776, 0.0615347658599289, 0.0201100716280766, 0.2262015415346168],
            [0.0201100716280766, 0.0615347658599289, 0.6921536209773776, 0.2262015415346168],
            [0.0615347658599289, 0.0201100716280766, 0.2262015415346168, 0.6921536209773776],
            [0.2262015415346168, 0.6921536209773776, 0.0615347658599289, 0.0201100716280766],
            [0.6921536209773776, 0.2262015415346168, 0.0201100716280766, 0.0615347658599289],
        ]
        reference_weights = [
            0.0179033561774528,
            0.1135225881378863,
            0.0179033561774528,
            0.1135225881378863,
            0.0179033561774528,
            0.1135225881378863,
            0.0179033561774528,
            0.1135225881378863,
            0.0106961538666945,
            0.0106961538666945,
            0.0106961538666945,
            0.0106961538666945,
            0.0539389509089832,
            0.0539389509089832,
            0.0539389509089832,
            0.0539389509089832,
            0.0539389509089832,
            0.0539389509089832,
            0.0539389509089832,
            0.0539389509089832,
        ]
        jacobian = [
            [
                [-0.5000000000000000, 0.5000000000000000, 0.5000000000000000, -0.5000000000000000],
                [-0.0077300940288739, -0.9922699059711262, 0.9922699059711262, 0.0077300940288739],
                [-0.5000000000000000, 0.5000000000000000, 0.5000000000000000, -0.5000000000000000],
                [-0.0077300940288739, -0.9922699059711262, 0.9922699059711262, 0.0077300940288739],
            ],
            [
                [-0.5000000000000000, 0.5000000000000000, 0.5000000000000000, -0.5000000000000000],
                [-0.2555568285788138, -0.7444431714211862, 0.7444431714211862, 0.2555568285788138],
                [-0.5000000000000000, 0.5000000000000000, 0.5000000000000000, -0.5000000000000000],
                [-0.2555568285788138, -0.7444431714211862, 0.7444431714211862, 0.2555568285788138],
            ],
            [
                [-0.5000000000000000, 0.5000000000000000, 0.5000000000000000, -0.5000000000000000],
                [-0.9922699059711262, -0.0077300940288739, 0.0077300940288739, 0.9922699059711262],
                [-0.5000000000000000, 0.5000000000000000, 0.5000000000000000, -0.5000000000000000],
                [-0.9922699059711262, -0.0077300940288739, 0.0077300940288739, 0.9922699059711262],
            ],
            [
                [-0.5000000000000000, 0.5000000000000000, 0.5000000000000000, -0.5000000000000000],
                [-0.7444431714211862, -0.2555568285788138, 0.2555568285788138, 0.7444431714211862],
                [-0.5000000000000000, 0.5000000000000000, 0.5000000000000000, -0.5000000000000000],
                [-0.7444431714211862, -0.2555568285788138, 0.2555568285788138, 0.7444431714211862],
            ],
            [
                [-0.0077300940288739, 0.0077300940288739, 0.9922699059711262, -0.9922699059711262],
                [-0.5000000000000000, -0.5000000000000000, 0.5000000000000000, 0.5000000000000000],
                [-0.0077300940288739, 0.0077300940288739, 0.9922699059711262, -0.9922699059711262],
                [-0.5000000000000000, -0.5000000000000000, 0.5000000000000000, 0.5000000000000000],
            ],
            [
                [-0.2555568285788138, 0.2555568285788138, 0.7444431714211862, -0.7444431714211862],
                [-0.5000000000000000, -0.5000000000000000, 0.5000000000000000, 0.5000000000000000],
                [-0.2555568285788138, 0.2555568285788138, 0.7444431714211862, -0.7444431714211862],
                [-0.5000000000000000, -0.5000000000000000, 0.5000000000000000, 0.5000000000000000],
            ],
            [
                [-0.9922699059711262, 0.9922699059711262, 0.0077300940288739, -0.0077300940288739],
                [-0.5000000000000000, -0.5000000000000000, 0.5000000000000000, 0.5000000000000000],
                [-0.9922699059711262, 0.9922699059711262, 0.0077300940288739, -0.0077300940288739],
                [-0.5000000000000000, -0.5000000000000000, 0.5000000000000000, 0.5000000000000000],
            ],
            [
                [-0.7444431714211862, 0.7444431714211862, 0.2555568285788138, -0.2555568285788138],
                [-0.5000000000000000, -0.5000000000000000, 0.5000000000000000, 0.5000000000000000],
                [-0.7444431714211862, 0.7444431714211862, 0.2555568285788138, -0.2555568285788138],
                [-0.5000000000000000, -0.5000000000000000, 0.5000000000000000, 0.5000000000000000],
            ],
            [
                [-0.0302163562892391, 0.0302163562892391, 0.9697836437107609, -0.9697836437107609],
                [-0.0302163562892391, -0.9697836437107609, 0.9697836437107609, 0.0302163562892391],
                [-0.0302163562892391, 0.0302163562892391, 0.9697836437107609, -0.9697836437107609],
                [-0.0302163562892391, -0.9697836437107609, 0.9697836437107609, 0.0302163562892391],
            ],
            [
                [-0.0302163562892391, 0.0302163562892391, 0.9697836437107609, -0.9697836437107609],
                [-0.9697836437107609, -0.0302163562892391, 0.0302163562892391, 0.9697836437107609],
                [-0.0302163562892391, 0.0302163562892391, 0.9697836437107609, -0.9697836437107609],
                [-0.9697836437107609, -0.0302163562892391, 0.0302163562892391, 0.9697836437107609],
            ],
            [
                [-0.9697836437107609, 0.9697836437107609, 0.0302163562892391, -0.0302163562892391],
                [-0.0302163562892391, -0.9697836437107609, 0.9697836437107609, 0.0302163562892391],
                [-0.9697836437107609, 0.9697836437107609, 0.0302163562892391, -0.0302163562892391],
                [-0.0302163562892391, -0.9697836437107609, 0.9697836437107609, 0.0302163562892391],
            ],
            [
                [-0.9697836437107609, 0.9697836437107609, 0.0302163562892391, -0.0302163562892391],
                [-0.9697836437107609, -0.0302163562892391, 0.0302163562892391, 0.9697836437107609],
                [-0.9697836437107609, 0.9697836437107609, 0.0302163562892391, -0.0302163562892391],
                [-0.9697836437107609, -0.0302163562892391, 0.0302163562892391, 0.9697836437107609],
            ],
            [
                [-0.2463116131626934, 0.2463116131626934, 0.7536883868373065, -0.7536883868373065],
                [-0.0816448374880055, -0.9183551625119946, 0.9183551625119946, 0.0816448374880055],
                [-0.2463116131626934, 0.2463116131626934, 0.7536883868373065, -0.7536883868373065],
                [-0.0816448374880055, -0.9183551625119946, 0.9183551625119946, 0.0816448374880055],
            ],
            [
                [-0.2463116131626934, 0.2463116131626934, 0.7536883868373065, -0.7536883868373065],
                [-0.9183551625119946, -0.0816448374880055, 0.0816448374880055, 0.9183551625119946],
                [-0.2463116131626934, 0.2463116131626934, 0.7536883868373065, -0.7536883868373065],
                [-0.9183551625119946, -0.0816448374880055, 0.0816448374880055, 0.9183551625119946],
            ],
            [
                [-0.7536883868373065, 0.7536883868373065, 0.2463116131626934, -0.2463116131626934],
                [-0.0816448374880055, -0.9183551625119946, 0.9183551625119946, 0.0816448374880055],
                [-0.7536883868373065, 0.7536883868373065, 0.2463116131626934, -0.2463116131626934],
                [-0.0816448374880055, -0.9183551625119946, 0.9183551625119946, 0.0816448374880055],
            ],
            [
                [-0.7536883868373065, 0.7536883868373065, 0.2463116131626934, -0.2463116131626934],
                [-0.9183551625119946, -0.0816448374880055, 0.0816448374880055, 0.9183551625119946],
                [-0.7536883868373065, 0.7536883868373065, 0.2463116131626934, -0.2463116131626934],
                [-0.9183551625119946, -0.0816448374880055, 0.0816448374880055, 0.9183551625119946],
            ],
            [
                [-0.0816448374880055, 0.0816448374880055, 0.9183551625119946, -0.9183551625119946],
                [-0.2463116131626934, -0.7536883868373065, 0.7536883868373065, 0.2463116131626934],
                [-0.0816448374880055, 0.0816448374880055, 0.9183551625119946, -0.9183551625119946],
                [-0.2463116131626934, -0.7536883868373065, 0.7536883868373065, 0.2463116131626934],
            ],
            [
                [-0.0816448374880055, 0.0816448374880055, 0.9183551625119946, -0.9183551625119946],
                [-0.7536883868373065, -0.2463116131626934, 0.2463116131626934, 0.7536883868373065],
                [-0.0816448374880055, 0.0816448374880055, 0.9183551625119946, -0.9183551625119946],
                [-0.7536883868373065, -0.2463116131626934, 0.2463116131626934, 0.7536883868373065],
            ],
            [
                [-0.9183551625119946, 0.9183551625119946, 0.0816448374880055, -0.0816448374880055],
                [-0.2463116131626934, -0.7536883868373065, 0.7536883868373065, 0.2463116131626934],
                [-0.9183551625119946, 0.9183551625119946, 0.0816448374880055, -0.0816448374880055],
                [-0.2463116131626934, -0.7536883868373065, 0.7536883868373065, 0.2463116131626934],
            ],
            [
                [-0.9183551625119946, 0.9183551625119946, 0.0816448374880055, -0.0816448374880055],
                [-0.7536883868373065, -0.2463116131626934, 0.2463116131626934, 0.7536883868373065],
                [-0.9183551625119946, 0.9183551625119946, 0.0816448374880055, -0.0816448374880055],
