from h2o.geometry.quadratures.quadrature import *


def get_number_of_quadrature_points_in_quadrangle(integration_order: int) -> int:
    """

    Args:
        integration_order:

    Returns:

    """
    qw = get_reference_quadrangle_quadrature_item(integration_order, QuadratureItem.WEIGHTS)
    number_of_quadrature_points_in_triangle = len(qw)
    return number_of_quadrature_points_in_triangle


def get_reference_quadrangle_quadrature_item(integration_order: int, quadrature_item: QuadratureItem) -> ndarray:
    """

    QUADRATURE RULE BASED ON QUADPY scheme = quadpy.t2.get_good_scheme(integration_order)

    Args:
        integration_order:

    Returns:

    """
    if integration_order == 0:
        reference_points = [
            [0.2500000000000000, 0.2500000000000000, 0.2500000000000000, 0.2500000000000000],
        ]
        reference_weights = [
            1.0000000000000000,
        ]
        jacobian = [
            [
                [-0.5000000000000000, 0.5000000000000000, 0.5000000000000000, -0.5000000000000000],
                [-0.5000000000000000, -0.5000000000000000, 0.5000000000000000, 0.5000000000000000],
                [-0.5000000000000000, 0.5000000000000000, 0.5000000000000000, -0.5000000000000000],
                [-0.5000000000000000, -0.5000000000000000, 0.5000000000000000, 0.5000000000000000],
            ],
        ]
    elif integration_order == 1:
        reference_points = [
            [0.2500000000000000, 0.2500000000000000, 0.2500000000000000, 0.2500000000000000],
        ]
        reference_weights = [
            1.0000000000000000,
        ]
        jacobian = [
            [
                [-0.5000000000000000, 0.5000000000000000, 0.5000000000000000, -0.5000000000000000],
                [-0.5000000000000000, -0.5000000000000000, 0.5000000000000000, 0.5000000000000000],
                [-0.5000000000000000, 0.5000000000000000, 0.5000000000000000, -0.5000000000000000],
                [-0.5000000000000000, -0.5000000000000000, 0.5000000000000000, 0.5000000000000000],
            ],
        ]
    elif integration_order == 2:
        reference_points = [
            [0.6220084679281462, 0.1666666666666667, 0.0446581987385205, 0.1666666666666667],
            [0.1666666666666667, 0.6220084679281462, 0.1666666666666667, 0.0446581987385205],
            [0.1666666666666667, 0.0446581987385205, 0.1666666666666667, 0.6220084679281462],
            [0.0446581987385205, 0.1666666666666667, 0.6220084679281462, 0.1666666666666667],
        ]
        reference_weights = [
            0.2500000000000000,
            0.2500000000000000,
            0.2500000000000000,
            0.2500000000000000,
        ]
        jacobian = [
            [
                [-0.7886751345948129, 0.7886751345948129, 0.2113248654051871, -0.2113248654051871],
                [-0.7886751345948129, -0.2113248654051871, 0.2113248654051871, 0.7886751345948129],
                [-0.7886751345948129, 0.7886751345948129, 0.2113248654051871, -0.2113248654051871],
                [-0.7886751345948129, -0.2113248654051871, 0.2113248654051871, 0.7886751345948129],
            ],
            [
                [-0.7886751345948129, 0.7886751345948129, 0.2113248654051871, -0.2113248654051871],
                [-0.2113248654051871, -0.7886751345948129, 0.7886751345948129, 0.2113248654051871],
                [-0.7886751345948129, 0.7886751345948129, 0.2113248654051871, -0.2113248654051871],
                [-0.2113248654051871, -0.7886751345948129, 0.7886751345948129, 0.2113248654051871],
            ],
            [
                [-0.2113248654051871, 0.2113248654051871, 0.7886751345948129, -0.7886751345948129],
                [-0.7886751345948129, -0.2113248654051871, 0.2113248654051871, 0.7886751345948129],
                [-0.2113248654051871, 0.2113248654051871, 0.7886751345948129, -0.7886751345948129],
                [-0.7886751345948129, -0.2113248654051871, 0.2113248654051871, 0.7886751345948129],
            ],
            [
                [-0.2113248654051871, 0.2113248654051871, 0.7886751345948129, -0.7886751345948129],
                [-0.2113248654051871, -0.7886751345948129, 0.7886751345948129, 0.2113248654051871],
                [-0.2113248654051871, 0.2113248654051871, 0.7886751345948129, -0.7886751345948129],
                [-0.2113248654051871, -0.7886751345948129, 0.7886751345948129, 0.2113248654051871],
            ],
        ]
    elif integration_order == 3:
        reference_points = [
            [0.7872983346207417, 0.1000000000000000, 0.0127016653792583, 0.1000000000000000],
            [0.4436491673103709, 0.4436491673103709, 0.0563508326896291, 0.0563508326896291],
            [0.1000000000000000, 0.7872983346207417, 0.1000000000000000, 0.0127016653792583],
            [0.4436491673103709, 0.0563508326896291, 0.0563508326896291, 0.4436491673103709],
            [0.2500000000000000, 0.2500000000000000, 0.2500000000000000, 0.2500000000000000],
            [0.0563508326896291, 0.4436491673103709, 0.4436491673103709, 0.0563508326896291],
            [0.1000000000000000, 0.0127016653792583, 0.1000000000000000, 0.7872983346207417],
            [0.0563508326896291, 0.0563508326896291, 0.4436491673103709, 0.4436491673103709],
            [0.0127016653792583, 0.1000000000000000, 0.7872983346207417, 0.1000000000000000],
        ]
        reference_weights = [
            0.0771604938271605,
            0.1234567901234568,
            0.0771604938271605,
            0.1234567901234568,
            0.1975308641975309,
            0.1234567901234568,
            0.0771604938271605,
            0.1234567901234568,
            0.0771604938271605,
        ]
        jacobian = [
            [
                [-0.8872983346207417, 0.8872983346207417, 0.1127016653792583, -0.1127016653792583],
                [-0.8872983346207417, -0.1127016653792583, 0.1127016653792583, 0.8872983346207417],
                [-0.8872983346207417, 0.8872983346207417, 0.1127016653792583, -0.1127016653792583],
                [-0.8872983346207417, -0.1127016653792583, 0.1127016653792583, 0.8872983346207417],
            ],
            [
                [-0.8872983346207417, 0.8872983346207417, 0.1127016653792583, -0.1127016653792583],
                [-0.5000000000000000, -0.5000000000000000, 0.5000000000000000, 0.5000000000000000],
                [-0.8872983346207417, 0.8872983346207417, 0.1127016653792583, -0.1127016653792583],
                [-0.5000000000000000, -0.5000000000000000, 0.5000000000000000, 0.5000000000000000],
            ],
            [
                [-0.8872983346207417, 0.8872983346207417, 0.1127016653792583, -0.1127016653792583],
                [-0.1127016653792583, -0.8872983346207417, 0.8872983346207417, 0.1127016653792583],
                [-0.8872983346207417, 0.8872983346207417, 0.1127016653792583, -0.1127016653792583],
                [-0.1127016653792583, -0.8872983346207417, 0.8872983346207417, 0.1127016653792583],
            ],
            [
                [-0.5000000000000000, 0.5000000000000000, 0.5000000000000000, -0.5000000000000000],
                [-0.8872983346207417, -0.1127016653792583, 0.1127016653792583, 0.8872983346207417],
                [-0.5000000000000000, 0.5000000000000000, 0.5000000000000000, -0.5000000000000000],
                [-0.8872983346207417, -0.1127016653792583, 0.1127016653792583, 0.8872983346207417],
            ],
            [
                [-0.5000000000000000, 0.5000000000000000, 0.5000000000000000, -0.5000000000000000],
                [-0.5000000000000000, -0.5000000000000000, 0.5000000000000000, 0.5000000000000000],
                [-0.5000000000000000, 0.5000000000000000, 0.5000000000000000, -0.5000000000000000],
                [-0.5000000000000000, -0.5000000000000000, 0.5000000000000000, 0.5000000000000000],
            ],
            [
                [-0.5000000000000000, 0.5000000000000000, 0.5000000000000000, -0.5000000000000000],
                [-0.1127016653792583, -0.8872983346207417, 0.8872983346207417, 0.1127016653792583],
                [-0.5000000000000000, 0.5000000000000000, 0.5000000000000000, -0.5000000000000000],
                [-0.1127016653792583, -0.8872983346207417, 0.8872983346207417, 0.1127016653792583],
            ],
            [
                [-0.1127016653792583, 0.1127016653792583, 0.8872983346207417, -0.8872983346207417],
                [-0.8872983346207417, -0.1127016653792583, 0.1127016653792583, 0.8872983346207417],
                [-0.1127016653792583, 0.1127016653792583, 0.8872983346207417, -0.8872983346207417],
                [-0.8872983346207417, -0.1127016653792583, 0.1127016653792583, 0.8872983346207417],
            ],
            [
                [-0.1127016653792583, 0.1127016653792583, 0.8872983346207417, -0.8872983346207417],
                [-0.5000000000000000, -0.5000000000000000, 0.5000000000000000, 0.5000000000000000],
                [-0.1127016653792583, 0.1127016653792583, 0.8872983346207417, -0.8872983346207417],
                [-0.5000000000000000, -0.5000000000000000, 0.5000000000000000, 0.5000000000000000],
            ],
            [
                [-0.1127016653792583, 0.1127016653792583, 0.8872983346207417, -0.8872983346207417],
                [-0.1127016653792583, -0.8872983346207417, 0.8872983346207417, 0.1127016653792583],
                [-0.1127016653792583, 0.1127016653792583, 0.8872983346207417, -0.8872983346207417],
                [-0.1127016653792583, -0.8872983346207417, 0.8872983346207417, 0.1127016653792583],
            ],
        ]
    elif integration_order == 4:
        reference_points = [
            [0.8659570925834785, 0.0646110632135477, 0.0048207809894260, 0.0646110632135477],
            [0.6234718442658671, 0.3070963115311591, 0.0229131666764128, 0.0465186775265609],
            [0.3070963115311591, 0.6234718442658671, 0.0465186775265609, 0.0229131666764128],
            [0.0646110632135477, 0.8659570925834785, 0.0646110632135477, 0.0048207809894260],
            [0.6234718442658671, 0.0465186775265609, 0.0229131666764128, 0.3070963115311591],
            [0.4488872992916901, 0.2211032225007380, 0.1089062557068338, 0.2211032225007380],
            [0.2211032225007380, 0.4488872992916901, 0.2211032225007380, 0.1089062557068338],
            [0.0465186775265609, 0.6234718442658671, 0.3070963115311591, 0.0229131666764128],
            [0.3070963115311591, 0.0229131666764128, 0.0465186775265609, 0.6234718442658671],
            [0.2211032225007380, 0.1089062557068338, 0.2211032225007380, 0.4488872992916901],
            [0.1089062557068338, 0.2211032225007380, 0.4488872992916901, 0.2211032225007380],
            [0.0229131666764128, 0.3070963115311591, 0.6234718442658671, 0.0465186775265609],
            [0.0646110632135477, 0.0048207809894260, 0.0646110632135477, 0.8659570925834785],
            [0.0465186775265609, 0.0229131666764128, 0.3070963115311591, 0.6234718442658671],
            [0.0229131666764128, 0.0465186775265609, 0.6234718442658671, 0.3070963115311591],
            [0.0048207809894260, 0.0646110632135477, 0.8659570925834785, 0.0646110632135477],
        ]
        reference_weights = [
            0.0302507483214005,
            0.0567129629629629,
            0.0567129629629629,
            0.0302507483214005,
            0.0567129629629629,
            0.1063233257526736,
            0.1063233257526736,
            0.0567129629629629,
            0.0567129629629629,
            0.1063233257526736,
            0.1063233257526736,
            0.0567129629629629,
            0.0302507483214005,
            0.0567129629629629,
            0.0567129629629629,
            0.0302507483214005,
        ]
        jacobian = [
            [
                [-0.9305681557970262, 0.9305681557970262, 0.0694318442029737, -0.0694318442029737],
                [-0.9305681557970262, -0.0694318442029737, 0.0694318442029737, 0.9305681557970262],
                [-0.9305681557970262, 0.9305681557970262, 0.0694318442029737, -0.0694318442029737],
                [-0.9305681557970262, -0.0694318442029737, 0.0694318442029737, 0.9305681557970262],
            ],
            [
                [-0.9305681557970262, 0.9305681557970262, 0.0694318442029737, -0.0694318442029737],
                [-0.6699905217924281, -0.3300094782075719, 0.3300094782075719, 0.6699905217924281],
                [-0.9305681557970262, 0.9305681557970262, 0.0694318442029737, -0.0694318442029737],
                [-0.6699905217924281, -0.3300094782075719, 0.3300094782075719, 0.6699905217924281],
            ],
            [
                [-0.9305681557970262, 0.9305681557970262, 0.0694318442029737, -0.0694318442029737],
                [-0.3300094782075719, -0.6699905217924281, 0.6699905217924281, 0.3300094782075719],
                [-0.9305681557970262, 0.9305681557970262, 0.0694318442029737, -0.0694318442029737],
                [-0.3300094782075719, -0.6699905217924281, 0.6699905217924281, 0.3300094782075719],
            ],
            [
                [-0.9305681557970262, 0.9305681557970262, 0.0694318442029737, -0.0694318442029737],
                [-0.0694318442029737, -0.9305681557970262, 0.9305681557970262, 0.0694318442029737],
                [-0.9305681557970262, 0.9305681557970262, 0.0694318442029737, -0.0694318442029737],
                [-0.0694318442029737, -0.9305681557970262, 0.9305681557970262, 0.0694318442029737],
            ],
            [
                [-0.6699905217924281, 0.6699905217924281, 0.3300094782075719, -0.3300094782075719],
                [-0.9305681557970262, -0.0694318442029737, 0.0694318442029737, 0.9305681557970262],
                [-0.6699905217924281, 0.6699905217924281, 0.3300094782075719, -0.3300094782075719],
                [-0.9305681557970262, -0.0694318442029737, 0.0694318442029737, 0.9305681557970262],
            ],
            [
                [-0.6699905217924281, 0.6699905217924281, 0.3300094782075719, -0.3300094782075719],
                [-0.6699905217924281, -0.3300094782075719, 0.3300094782075719, 0.6699905217924281],
                [-0.6699905217924281, 0.6699905217924281, 0.3300094782075719, -0.3300094782075719],
                [-0.6699905217924281, -0.3300094782075719, 0.3300094782075719, 0.6699905217924281],
            ],
            [
                [-0.6699905217924281, 0.6699905217924281, 0.3300094782075719, -0.3300094782075719],
                [-0.3300094782075719, -0.6699905217924281, 0.6699905217924281, 0.3300094782075719],
                [-0.6699905217924281, 0.6699905217924281, 0.3300094782075719, -0.3300094782075719],
                [-0.3300094782075719, -0.6699905217924281, 0.6699905217924281, 0.3300094782075719],
            ],
            [
                [-0.6699905217924281, 0.6699905217924281, 0.3300094782075719, -0.3300094782075719],
                [-0.0694318442029737, -0.9305681557970262, 0.9305681557970262, 0.0694318442029737],
                [-0.6699905217924281, 0.6699905217924281, 0.3300094782075719, -0.3300094782075719],
                [-0.0694318442029737, -0.9305681557970262, 0.9305681557970262, 0.0694318442029737],
            ],
            [
                [-0.3300094782075719, 0.3300094782075719, 0.6699905217924281, -0.6699905217924281],
                [-0.9305681557970262, -0.0694318442029737, 0.0694318442029737, 0.9305681557970262],
                [-0.3300094782075719, 0.3300094782075719, 0.6699905217924281, -0.6699905217924281],
                [-0.9305681557970262, -0.0694318442029737, 0.0694318442029737, 0.9305681557970262],
            ],
            [
                [-0.3300094782075719, 0.3300094782075719, 0.6699905217924281, -0.6699905217924281],
                [-0.6699905217924281, -0.3300094782075719, 0.3300094782075719, 0.6699905217924281],
                [-0.3300094782075719, 0.3300094782075719, 0.6699905217924281, -0.6699905217924281],
                [-0.6699905217924281, -0.3300094782075719, 0.3300094782075719, 0.6699905217924281],
            ],
            [
                [-0.3300094782075719, 0.3300094782075719, 0.6699905217924281, -0.6699905217924281],
                [-0.3300094782075719, -0.6699905217924281, 0.6699905217924281, 0.3300094782075719],
                [-0.3300094782075719, 0.3300094782075719, 0.6699905217924281, -0.6699905217924281],
                [-0.3300094782075719, -0.6699905217924281, 0.6699905217924281, 0.3300094782075719],
            ],
            [
                [-0.3300094782075719, 0.3300094782075719, 0.6699905217924281, -0.6699905217924281],
                [-0.0694318442029737, -0.9305681557970262, 0.9305681557970262, 0.0694318442029737],
                [-0.3300094782075719, 0.3300094782075719, 0.6699905217924281, -0.6699905217924281],
                [-0.0694318442029737, -0.9305681557970262, 0.9305681557970262, 0.0694318442029737],
            ],
            [
                [-0.0694318442029737, 0.0694318442029737, 0.9305681557970262, -0.9305681557970262],
                [-0.9305681557970262, -0.0694318442029737, 0.0694318442029737, 0.9305681557970262],
                [-0.0694318442029737, 0.0694318442029737, 0.9305681557970262, -0.9305681557970262],
                [-0.9305681557970262, -0.0694318442029737, 0.0694318442029737, 0.9305681557970262],
            ],
            [
                [-0.0694318442029737, 0.0694318442029737, 0.9305681557970262, -0.9305681557970262],
                [-0.6699905217924281, -0.3300094782075719, 0.3300094782075719, 0.6699905217924281],
                [-0.0694318442029737, 0.0694318442029737, 0.9305681557970262, -0.9305681557970262],
                [-0.6699905217924281, -0.3300094782075719, 0.3300094782075719, 0.6699905217924281],
            ],
            [
                [-0.0694318442029737, 0.0694318442029737, 0.9305681557970262, -0.9305681557970262],
                [-0.3300094782075719, -0.6699905217924281, 0.6699905217924281, 0.3300094782075719],
                [-0.0694318442029737, 0.0694318442029737, 0.9305681557970262, -0.9305681557970262],
                [-0.3300094782075719, -0.6699905217924281, 0.6699905217924281, 0.3300094782075719],
            ],
            [
                [-0.0694318442029737, 0.0694318442029737, 0.9305681557970262, -0.9305681557970262],
                [-0.0694318442029737, -0.9305681557970262, 0.9305681557970262, 0.0694318442029737],
                [-0.0694318442029737, 0.0694318442029737, 0.9305681557970262, -0.9305681557970262],
                [-0.0694318442029737, -0.9305681557970262, 0.9305681557970262, 0.0694318442029737],
            ],
        ]
    elif integration_order == 5:
        reference_points = [
            [0.9083804012656871, 0.0447095217036448, 0.0022005553270232, 0.0447095217036448],
            [0.7331497981296533, 0.2199401248396786, 0.0108252201074799, 0.0360848569231881],
            [0.4765449614846660, 0.4765449614846660, 0.0234550385153340, 0.0234550385153340],
            [0.2199401248396786, 0.7331497981296533, 0.0360848569231881, 0.0108252201074799],
            [0.0447095217036448, 0.9083804012656871, 0.0447095217036448, 0.0022005553270232],
            [0.7331497981296533, 0.0360848569231881, 0.0108252201074799, 0.2199401248396786],
            [0.5917219545342640, 0.1775127005185774, 0.0532526444285810, 0.1775127005185774],
            [0.3846173275264207, 0.3846173275264207, 0.1153826724735792, 0.1153826724735792],
            [0.1775127005185774, 0.5917219545342640, 0.1775127005185774, 0.0532526444285810],
            [0.0360848569231881, 0.7331497981296533, 0.2199401248396786, 0.0108252201074799],
            [0.4765449614846660, 0.0234550385153340, 0.0234550385153340, 0.4765449614846660],
            [0.3846173275264207, 0.1153826724735792, 0.1153826724735792, 0.3846173275264207],
            [0.2500000000000000, 0.2500000000000000, 0.2500000000000000, 0.2500000000000000],
            [0.1153826724735792, 0.3846173275264207, 0.3846173275264207, 0.1153826724735792],
            [0.0234550385153340, 0.4765449614846660, 0.4765449614846660, 0.0234550385153340],
            [0.2199401248396786, 0.0108252201074799, 0.0360848569231881, 0.7331497981296533],
            [0.1775127005185774, 0.0532526444285810, 0.1775127005185774, 0.5917219545342640],
            [0.1153826724735792, 0.1153826724735792, 0.3846173275264207, 0.3846173275264207],
            [0.0532526444285810, 0.1775127005185774, 0.5917219545342640, 0.1775127005185774],
            [0.0108252201074799, 0.2199401248396786, 0.7331497981296533, 0.0360848569231881],
            [0.0447095217036448, 0.0022005553270232, 0.0447095217036448, 0.9083804012656871],
            [0.0360848569231881, 0.0108252201074799, 0.2199401248396786, 0.7331497981296533],
            [0.0234550385153340, 0.0234550385153340, 0.4765449614846660, 0.4765449614846660],
            [0.0108252201074799, 0.0360848569231881, 0.7331497981296533, 0.2199401248396786],
            [0.0022005553270232, 0.0447095217036448, 0.9083804012656871, 0.0447095217036448],
        ]
        reference_weights = [
            0.0140335872156072,
            0.0283500000000000,
            0.0336962680968803,
            0.0283500000000000,
            0.0140335872156072,
            0.0283500000000000,
            0.0572713510559977,
            0.0680716331376876,
            0.0572713510559977,
            0.0283500000000000,
            0.0336962680968803,
            0.0680716331376876,
            0.0809086419753087,
            0.0680716331376876,
            0.0336962680968803,
            0.0283500000000000,
            0.0572713510559977,
            0.0680716331376876,
            0.0572713510559977,
            0.0283500000000000,
            0.0140335872156072,
            0.0283500000000000,
            0.0336962680968803,
            0.0283500000000000,
            0.0140335872156072,
        ]
        jacobian = [
            [
                [-0.9530899229693319, 0.9530899229693319, 0.0469100770306680, -0.0469100770306680],
                [-0.9530899229693319, -0.0469100770306680, 0.0469100770306680, 0.9530899229693319],
                [-0.9530899229693319, 0.9530899229693319, 0.0469100770306680, -0.0469100770306680],
                [-0.9530899229693319, -0.0469100770306680, 0.0469100770306680, 0.9530899229693319],
            ],
            [
                [-0.9530899229693319, 0.9530899229693319, 0.0469100770306680, -0.0469100770306680],
                [-0.7692346550528415, -0.2307653449471584, 0.2307653449471584, 0.7692346550528415],
                [-0.9530899229693319, 0.9530899229693319, 0.0469100770306680, -0.0469100770306680],
                [-0.7692346550528415, -0.2307653449471584, 0.2307653449471584, 0.7692346550528415],
            ],
            [
                [-0.9530899229693319, 0.9530899229693319, 0.0469100770306680, -0.0469100770306680],
                [-0.5000000000000000, -0.5000000000000000, 0.5000000000000000, 0.5000000000000000],
                [-0.9530899229693319, 0.9530899229693319, 0.0469100770306680, -0.0469100770306680],
                [-0.5000000000000000, -0.5000000000000000, 0.5000000000000000, 0.5000000000000000],
            ],
            [
                [-0.9530899229693319, 0.9530899229693319, 0.0469100770306680, -0.0469100770306680],
                [-0.2307653449471584, -0.7692346550528415, 0.7692346550528415, 0.2307653449471584],
                [-0.9530899229693319, 0.9530899229693319, 0.0469100770306680, -0.0469100770306680],
                [-0.2307653449471584, -0.7692346550528415, 0.7692346550528415, 0.2307653449471584],
            ],
            [
                [-0.9530899229693319, 0.9530899229693319, 0.0469100770306680, -0.0469100770306680],
                [-0.0469100770306680, -0.9530899229693319, 0.9530899229693319, 0.0469100770306680],
                [-0.9530899229693319, 0.9530899229693319, 0.0469100770306680, -0.0469100770306680],
                [-0.0469100770306680, -0.9530899229693319, 0.9530899229693319, 0.0469100770306680],
            ],
            [
                [-0.7692346550528415, 0.7692346550528415, 0.2307653449471584, -0.2307653449471584],
                [-0.9530899229693319, -0.0469100770306680, 0.0469100770306680, 0.9530899229693319],
                [-0.7692346550528415, 0.7692346550528415, 0.2307653449471584, -0.2307653449471584],
                [-0.9530899229693319, -0.0469100770306680, 0.0469100770306680, 0.9530899229693319],
            ],
            [
                [-0.7692346550528415, 0.7692346550528415, 0.2307653449471584, -0.2307653449471584],
                [-0.7692346550528415, -0.2307653449471584, 0.2307653449471584, 0.7692346550528415],
                [-0.7692346550528415, 0.7692346550528415, 0.2307653449471584, -0.2307653449471584],
                [-0.7692346550528415, -0.2307653449471584, 0.2307653449471584, 0.7692346550528415],
            ],
            [
                [-0.7692346550528415, 0.7692346550528415, 0.2307653449471584, -0.2307653449471584],
                [-0.5000000000000000, -0.5000000000000000, 0.5000000000000000, 0.5000000000000000],
                [-0.7692346550528415, 0.7692346550528415, 0.2307653449471584, -0.2307653449471584],
                [-0.5000000000000000, -0.5000000000000000, 0.5000000000000000, 0.5000000000000000],
            ],
            [
                [-0.7692346550528415, 0.7692346550528415, 0.2307653449471584, -0.2307653449471584],
                [-0.2307653449471584, -0.7692346550528415, 0.7692346550528415, 0.2307653449471584],
                [-0.7692346550528415, 0.7692346550528415, 0.2307653449471584, -0.2307653449471584],
                [-0.2307653449471584, -0.7692346550528415, 0.7692346550528415, 0.2307653449471584],
            ],
            [
                [-0.7692346550528415, 0.7692346550528415, 0.2307653449471584, -0.2307653449471584],
                [-0.0469100770306680, -0.9530899229693319, 0.9530899229693319, 0.0469100770306680],
                [-0.7692346550528415, 0.7692346550528415, 0.2307653449471584, -0.2307653449471584],
                [-0.0469100770306680, -0.9530899229693319, 0.9530899229693319, 0.0469100770306680],
            ],
            [
                [-0.5000000000000000, 0.5000000000000000, 0.5000000000000000, -0.5000000000000000],
                [-0.9530899229693319, -0.0469100770306680, 0.0469100770306680, 0.9530899229693319],
                [-0.5000000000000000, 0.5000000000000000, 0.5000000000000000, -0.5000000000000000],
                [-0.9530899229693319, -0.0469100770306680, 0.0469100770306680, 0.9530899229693319],
            ],
            [
                [-0.5000000000000000, 0.5000000000000000, 0.5000000000000000, -0.5000000000000000],
                [-0.7692346550528415, -0.2307653449471584, 0.2307653449471584, 0.7692346550528415],
                [-0.5000000000000000, 0.5000000000000000, 0.5000000000000000, -0.5000000000000000],
                [-0.7692346550528415, -0.2307653449471584, 0.2307653449471584, 0.7692346550528415],
            ],
            [
                [-0.5000000000000000, 0.5000000000000000, 0.5000000000000000, -0.5000000000000000],
                [-0.5000000000000000, -0.5000000000000000, 0.5000000000000000, 0.5000000000000000],
                [-0.5000000000000000, 0.5000000000000000, 0.5000000000000000, -0.5000000000000000],
                [-0.5000000000000000, -0.5000000000000000, 0.5000000000000000, 0.5000000000000000],
            ],
            [
                [-0.5000000000000000, 0.5000000000000000, 0.5000000000000000, -0.5000000000000000],
                [-0.2307653449471584, -0.7692346550528415, 0.7692346550528415, 0.2307653449471584],
                [-0.5000000000000000, 0.5000000000000000, 0.5000000000000000, -0.5000000000000000],
                [-0.2307653449471584, -0.7692346550528415, 0.7692346550528415, 0.2307653449471584],
            ],
            [
                [-0.5000000000000000, 0.5000000000000000, 0.5000000000000000, -0.5000000000000000],
                [-0.0469100770306680, -0.9530899229693319, 0.9530899229693319, 0.0469100770306680],
                [-0.5000000000000000, 0.5000000000000000, 0.5000000000000000, -0.5000000000000000],
                [-0.0469100770306680, -0.9530899229693319, 0.9530899229693319, 0.0469100770306680],
            ],
            [
                [-0.2307653449471584, 0.2307653449471584, 0.7692346550528415, -0.7692346550528415],
                [-0.9530899229693319, -0.0469100770306680, 0.0469100770306680, 0.9530899229693319],
                [-0.2307653449471584, 0.2307653449471584, 0.7692346550528415, -0.7692346550528415],
                [-0.9530899229693319, -0.0469100770306680, 0.0469100770306680, 0.9530899229693319],
            ],
            [
                [-0.2307653449471584, 0.2307653449471584, 0.7692346550528415, -0.7692346550528415],
                [-0.7692346550528415, -0.2307653449471584, 0.2307653449471584, 0.7692346550528415],
                [-0.2307653449471584, 0.2307653449471584, 0.7692346550528415, -0.7692346550528415],
                [-0.7692346550528415, -0.2307653449471584, 0.2307653449471584, 0.7692346550528415],
            ],
            [
                [-0.2307653449471584, 0.2307653449471584, 0.7692346550528415, -0.7692346550528415],
                [-0.5000000000000000, -0.5000000000000000, 0.5000000000000000, 0.5000000000000000],
                [-0.2307653449471584, 0.2307653449471584, 0.7692346550528415, -0.7692346550528415],
                [-0.5000000000000000, -0.5000000000000000, 0.5000000000000000, 0.5000000000000000],
            ],
            [
                [-0.2307653449471584, 0.2307653449471584, 0.7692346550528415, -0.7692346550528415],
                [-0.2307653449471584, -0.7692346550528415, 0.7692346550528415, 0.2307653449471584],
                [-0.2307653449471584, 0.2307653449471584, 0.7692346550528415, -0.7692346550528415],
                [-0.2307653449471584, -0.7692346550528415, 0.7692346550528415, 0.2307653449471584],
            ],
            [
                [-0.2307653449471584, 0.2307653449471584, 0.7692346550528415, -0.7692346550528415],
                [-0.0469100770306680, -0.9530899229693319, 0.9530899229693319, 0.0469100770306680],
                [-0.2307653449471584, 0.2307653449471584, 0.7692346550528415, -0.7692346550528415],
                [-0.0469100770306680, -0.9530899229693319, 0.9530899229693319, 0.0469100770306680],
            ],
            [
                [-0.0469100770306680, 0.0469100770306680, 0.9530899229693319, -0.9530899229693319],
                [-0.9530899229693319, -0.0469100770306680, 0.0469100770306680, 0.9530899229693319],
                [-0.0469100770306680, 0.0469100770306680, 0.9530899229693319, -0.9530899229693319],
                [-0.9530899229693319, -0.0469100770306680, 0.0469100770306680, 0.9530899229693319],
            ],
            [
                [-0.0469100770306680, 0.0469100770306680, 0.9530899229693319, -0.9530899229693319],
                [-0.7692346550528415, -0.2307653449471584, 0.2307653449471584, 0.7692346550528415],
                [-0.0469100770306680, 0.0469100770306680, 0.9530899229693319, -0.9530899229693319],
                [-0.7692346550528415, -0.2307653449471584, 0.2307653449471584, 0.7692346550528415],
            ],
            [
                [-0.0469100770306680, 0.0469100770306680, 0.9530899229693319, -0.9530899229693319],
                [-0.5000000000000000, -0.5000000000000000, 0.5000000000000000, 0.5000000000000000],
                [-0.0469100770306680, 0.0469100770306680, 0.9530899229693319, -0.9530899229693319],
                [-0.5000000000000000, -0.5000000000000000, 0.5000000000000000, 0.5000000000000000],
            ],
            [
                [-0.0469100770306680, 0.0469100770306680, 0.9530899229693319, -0.9530899229693319],
                [-0.2307653449471584, -0.7692346550528415, 0.7692346550528415, 0.2307653449471584],
                [-0.0469100770306680, 0.0469100770306680, 0.9530899229693319, -0.9530899229693319],
                [-0.2307653449471584, -0.7692346550528415, 0.7692346550528415, 0.2307653449471584],
            ],
            [
                [-0.0469100770306680, 0.0469100770306680, 0.9530899229693319, -0.9530899229693319],
                [-0.0469100770306680, -0.9530899229693319, 0.9530899229693319, 0.0469100770306680],
                [-0.0469100770306680, 0.0469100770306680, 0.9530899229693319, -0.9530899229693319],
                [-0.0469100770306680, -0.9530899229693319, 0.9530899229693319, 0.0469100770306680],
            ],
        ]
    elif integration_order == 6:
        reference_points = [
            [0.9336096058311416, 0.0326251512704344, 0.0011400916279896, 0.0326251512704344],
            [0.8025591240135446, 0.1636756330880314, 0.0057196736788363, 0.0280455692195876],
            [0.5983984542032248, 0.3678363028983512, 0.0128541040600503, 0.0209111388383737],
            [0.3678363028983512, 0.5983984542032248, 0.0209111388383737, 0.0128541040600503],
            [0.1636756330880314, 0.8025591240135446, 0.0280455692195876, 0.0057196736788363],
            [0.0326251512704344, 0.9336096058311416, 0.0326251512704344, 0.0011400916279896],
            [0.8025591240135446, 0.0280455692195876, 0.0057196736788363, 0.1636756330880314],
            [0.6899041564209057, 0.1407005368122265, 0.0286947699546412, 0.1407005368122265],
            [0.5144014545446529, 0.3162032386884793, 0.0644871682699222, 0.1049081384969456],
            [0.3162032386884793, 0.5144014545446529, 0.1049081384969456, 0.0644871682699222],
            [0.1407005368122265, 0.6899041564209057, 0.1407005368122265, 0.0286947699546412],
            [0.0280455692195876, 0.8025591240135446, 0.1636756330880314, 0.0057196736788363],
            [0.5983984542032248, 0.0209111388383737, 0.0128541040600503, 0.3678363028983512],
            [0.5144014545446529, 0.1049081384969456, 0.0644871682699222, 0.3162032386884793],
            [0.3835443720333503, 0.2357652210082481, 0.1449251859501534, 0.2357652210082481],
            [0.2357652210082481, 0.3835443720333503, 0.2357652210082481, 0.1449251859501534],
            [0.1049081384969456, 0.5144014545446529, 0.3162032386884793, 0.0644871682699222],
            [0.0209111388383737, 0.5983984542032248, 0.3678363028983512, 0.0128541040600503],
            [0.3678363028983512, 0.0128541040600503, 0.0209111388383737, 0.5983984542032248],
            [0.3162032386884793, 0.0644871682699222, 0.1049081384969456, 0.5144014545446529],
            [0.2357652210082481, 0.1449251859501534, 0.2357652210082481, 0.3835443720333503],
            [0.1449251859501534, 0.2357652210082481, 0.3835443720333503, 0.2357652210082481],
            [0.0644871682699222, 0.3162032386884793, 0.5144014545446529, 0.1049081384969456],
            [0.0128541040600503, 0.3678363028983512, 0.5983984542032248, 0.0209111388383737],
            [0.1636756330880314, 0.0057196736788363, 0.0280455692195876, 0.8025591240135446],
            [0.1407005368122265, 0.0286947699546412, 0.1407005368122265, 0.6899041564209057],
            [0.1049081384969456, 0.0644871682699222, 0.3162032386884793, 0.5144014545446529],
            [0.0644871682699222, 0.1049081384969456, 0.5144014545446529, 0.3162032386884793],
            [0.0286947699546412, 0.1407005368122265, 0.6899041564209057, 0.1407005368122265],
            [0.0057196736788363, 0.1636756330880314, 0.8025591240135446, 0.0280455692195876],
            [0.0326251512704344, 0.0011400916279896, 0.0326251512704344, 0.9336096058311416],
            [0.0280455692195876, 0.0057196736788363, 0.1636756330880314, 0.8025591240135446],
            [0.0209111388383737, 0.0128541040600503, 0.3678363028983512, 0.5983984542032248],
            [0.0128541040600503, 0.0209111388383737, 0.5983984542032248, 0.3678363028983512],
            [0.0057196736788363, 0.0280455692195876, 0.8025591240135446, 0.1636756330880314],
            [0.0011400916279896, 0.0326251512704344, 0.9336096058311416, 0.0326251512704344],
        ]
        reference_weights = [
            0.0073380204222450,
            0.0154518233430958,
            0.0200412793294516,
            0.0200412793294516,
            0.0154518233430958,
            0.0073380204222450,
            0.0154518233430958,
            0.0325372281470419,
            0.0422013417718970,
            0.0422013417718970,
            0.0325372281470419,
            0.0154518233430958,
            0.0200412793294516,
            0.0422013417718970,
            0.0547358625418242,
            0.0547358625418242,
            0.0422013417718970,
            0.0200412793294516,
            0.0200412793294516,
            0.0422013417718970,
            0.0547358625418242,
            0.0547358625418242,
            0.0422013417718970,
            0.0200412793294516,
            0.0154518233430958,
            0.0325372281470419,
            0.0422013417718970,
            0.0422013417718970,
            0.0325372281470419,
            0.0154518233430958,
            0.0073380204222450,
            0.0154518233430958,
            0.0200412793294516,
            0.0200412793294516,
            0.0154518233430958,
            0.0073380204222450,
        ]
        jacobian = [
            [
                [-0.9662347571015760, 0.9662347571015760, 0.0337652428984240, -0.0337652428984240],
                [-0.9662347571015760, -0.0337652428984240, 0.0337652428984240, 0.9662347571015760],
                [-0.9662347571015760, 0.9662347571015760, 0.0337652428984240, -0.0337652428984240],
                [-0.9662347571015760, -0.0337652428984240, 0.0337652428984240, 0.9662347571015760],
            ],
            [
                [-0.9662347571015760, 0.9662347571015760, 0.0337652428984240, -0.0337652428984240],
                [-0.8306046932331322, -0.1693953067668678, 0.1693953067668678, 0.8306046932331322],
                [-0.9662347571015760, 0.9662347571015760, 0.0337652428984240, -0.0337652428984240],
                [-0.8306046932331322, -0.1693953067668678, 0.1693953067668678, 0.8306046932331322],
            ],
            [
                [-0.9662347571015760, 0.9662347571015760, 0.0337652428984240, -0.0337652428984240],
                [-0.6193095930415985, -0.3806904069584015, 0.3806904069584015, 0.6193095930415985],
                [-0.9662347571015760, 0.9662347571015760, 0.0337652428984240, -0.0337652428984240],
                [-0.6193095930415985, -0.3806904069584015, 0.3806904069584015, 0.6193095930415985],
            ],
            [
                [-0.9662347571015760, 0.9662347571015760, 0.0337652428984240, -0.0337652428984240],
                [-0.3806904069584015, -0.6193095930415985, 0.6193095930415985, 0.3806904069584015],
                [-0.9662347571015760, 0.9662347571015760, 0.0337652428984240, -0.0337652428984240],
                [-0.3806904069584015, -0.6193095930415985, 0.6193095930415985, 0.3806904069584015],
            ],
            [
                [-0.9662347571015760, 0.9662347571015760, 0.0337652428984240, -0.0337652428984240],
                [-0.1693953067668678, -0.8306046932331322, 0.8306046932331322, 0.1693953067668678],
                [-0.9662347571015760, 0.9662347571015760, 0.0337652428984240, -0.0337652428984240],
                [-0.1693953067668678, -0.8306046932331322, 0.8306046932331322, 0.1693953067668678],
            ],
            [
                [-0.9662347571015760, 0.9662347571015760, 0.0337652428984240, -0.0337652428984240],
                [-0.0337652428984240, -0.9662347571015760, 0.9662347571015760, 0.0337652428984240],
                [-0.9662347571015760, 0.9662347571015760, 0.0337652428984240, -0.0337652428984240],
                [-0.0337652428984240, -0.9662347571015760, 0.9662347571015760, 0.0337652428984240],
            ],
            [
                [-0.8306046932331322, 0.8306046932331322, 0.1693953067668678, -0.1693953067668678],
