from h2o.geometry.quadratures.quadrature import *


def get_number_of_quadrature_points_in_triangle(integration_order: int) -> int:
    """

    Args:
        integration_order:

    Returns:

    """
    qw = get_reference_triangle_quadrature_item(integration_order, QuadratureItem.WEIGHTS)
    number_of_quadrature_points_in_triangle = len(qw)
    return number_of_quadrature_points_in_triangle


def get_reference_triangle_quadrature_item(integration_order: int, quadrature_item: QuadratureItem) -> ndarray:
    """

    QUADRATURE RULE BASED ON QUADPY scheme = quadpy.t2.get_good_scheme(integration_order)

    Args:
        integration_order:

    Returns:

    """
    if integration_order in [0, 1]:
        reference_points = [
            [0.3333333333333333, 0.3333333333333333, 0.3333333333333333],
        ]
        reference_weights = [
            1.0000000000000000,
        ]
        jacobian = [
            [
                [-0.7071067811865476, 0.7071067811865476, 0.0000000000000000],
                [-0.7071067811865476, 0.0000000000000000, 0.7071067811865476],
                [-0.7071067811865476, 0.7071067811865476, 0.0000000000000000],
                [-0.7071067811865476, 0.0000000000000000, 0.7071067811865476],
            ],
        ]
    elif integration_order == 2:
        reference_points = [
            [0.1666666666666667, 0.1666666666666667, 0.6666666666666666],
            [0.1666666666666667, 0.6666666666666666, 0.1666666666666667],
            [0.6666666666666666, 0.1666666666666667, 0.1666666666666667],
        ]
        reference_weights = [
            0.3333333333333333,
            0.3333333333333333,
            0.3333333333333333,
        ]
        jacobian = [
            [
                [-0.7071067811865476, 0.7071067811865476, 0.0000000000000000],
                [-0.7071067811865476, 0.0000000000000000, 0.7071067811865476],
                [-0.7071067811865476, 0.7071067811865476, 0.0000000000000000],
                [-0.7071067811865476, 0.0000000000000000, 0.7071067811865476],
            ],
            [
                [-0.7071067811865476, 0.7071067811865476, 0.0000000000000000],
                [-0.7071067811865476, 0.0000000000000000, 0.7071067811865476],
                [-0.7071067811865476, 0.7071067811865476, 0.0000000000000000],
                [-0.7071067811865476, 0.0000000000000000, 0.7071067811865476],
            ],
            [
                [-0.7071067811865476, 0.7071067811865476, 0.0000000000000000],
                [-0.7071067811865476, 0.0000000000000000, 0.7071067811865476],
                [-0.7071067811865476, 0.7071067811865476, 0.0000000000000000],
                [-0.7071067811865476, 0.0000000000000000, 0.7071067811865476],
            ],
        ]
    elif integration_order == 3:
        reference_points = [
            [0.3333333333333333, 0.3333333333333333, 0.3333333333333333],
            [0.2000000000000000, 0.2000000000000000, 0.6000000000000000],
            [0.2000000000000000, 0.6000000000000000, 0.2000000000000000],
            [0.6000000000000000, 0.2000000000000000, 0.2000000000000000],
        ]
        reference_weights = [
            -0.5625000000000000,
            0.5208333333333334,
            0.5208333333333334,
            0.5208333333333334,
        ]
        jacobian = [
            [
                [-0.7071067811865476, 0.7071067811865476, 0.0000000000000000],
                [-0.7071067811865476, 0.0000000000000000, 0.7071067811865476],
                [-0.7071067811865476, 0.7071067811865476, 0.0000000000000000],
                [-0.7071067811865476, 0.0000000000000000, 0.7071067811865476],
            ],
            [
                [-0.7071067811865476, 0.7071067811865476, 0.0000000000000000],
                [-0.7071067811865476, 0.0000000000000000, 0.7071067811865476],
                [-0.7071067811865476, 0.7071067811865476, 0.0000000000000000],
                [-0.7071067811865476, 0.0000000000000000, 0.7071067811865476],
            ],
            [
                [-0.7071067811865476, 0.7071067811865476, 0.0000000000000000],
                [-0.7071067811865476, 0.0000000000000000, 0.7071067811865476],
                [-0.7071067811865476, 0.7071067811865476, 0.0000000000000000],
                [-0.7071067811865476, 0.0000000000000000, 0.7071067811865476],
            ],
            [
                [-0.7071067811865476, 0.7071067811865476, 0.0000000000000000],
                [-0.7071067811865476, 0.0000000000000000, 0.7071067811865476],
                [-0.7071067811865476, 0.7071067811865476, 0.0000000000000000],
                [-0.7071067811865476, 0.0000000000000000, 0.7071067811865476],
            ],
        ]
    elif integration_order == 4:
        reference_points = [
            [0.4459484909159649, 0.4459484909159649, 0.1081030181680702],
            [0.0915762135097707, 0.0915762135097707, 0.8168475729804585],
            [0.4459484909159649, 0.1081030181680702, 0.4459484909159649],
            [0.0915762135097707, 0.8168475729804585, 0.0915762135097707],
            [0.1081030181680702, 0.4459484909159649, 0.4459484909159649],
            [0.8168475729804585, 0.0915762135097707, 0.0915762135097707],
        ]
        reference_weights = [
            0.2233815896780116,
            0.1099517436553219,
            0.2233815896780116,
            0.1099517436553219,
            0.2233815896780116,
            0.1099517436553219,
        ]
        jacobian = [
            [
                [-0.7071067811865476, 0.7071067811865476, 0.0000000000000000],
                [-0.7071067811865476, 0.0000000000000000, 0.7071067811865476],
                [-0.7071067811865476, 0.7071067811865476, 0.0000000000000000],
                [-0.7071067811865476, 0.0000000000000000, 0.7071067811865476],
            ],
            [
                [-0.7071067811865476, 0.7071067811865476, 0.0000000000000000],
                [-0.7071067811865476, 0.0000000000000000, 0.7071067811865476],
                [-0.7071067811865476, 0.7071067811865476, 0.0000000000000000],
                [-0.7071067811865476, 0.0000000000000000, 0.7071067811865476],
            ],
            [
                [-0.7071067811865476, 0.7071067811865476, 0.0000000000000000],
                [-0.7071067811865476, 0.0000000000000000, 0.7071067811865476],
                [-0.7071067811865476, 0.7071067811865476, 0.0000000000000000],
                [-0.7071067811865476, 0.0000000000000000, 0.7071067811865476],
            ],
            [
                [-0.7071067811865476, 0.7071067811865476, 0.0000000000000000],
                [-0.7071067811865476, 0.0000000000000000, 0.7071067811865476],
                [-0.7071067811865476, 0.7071067811865476, 0.0000000000000000],
                [-0.7071067811865476, 0.0000000000000000, 0.7071067811865476],
            ],
            [
                [-0.7071067811865476, 0.7071067811865476, 0.0000000000000000],
                [-0.7071067811865476, 0.0000000000000000, 0.7071067811865476],
                [-0.7071067811865476, 0.7071067811865476, 0.0000000000000000],
                [-0.7071067811865476, 0.0000000000000000, 0.7071067811865476],
            ],
            [
                [-0.7071067811865476, 0.7071067811865476, 0.0000000000000000],
                [-0.7071067811865476, 0.0000000000000000, 0.7071067811865476],
                [-0.7071067811865476, 0.7071067811865476, 0.0000000000000000],
                [-0.7071067811865476, 0.0000000000000000, 0.7071067811865476],
            ],
        ]
    elif integration_order == 5:
        reference_points = [
            [0.3333333333333333, 0.3333333333333333, 0.3333333333333333],
            [0.4701420641051151, 0.4701420641051151, 0.0597158717897699],
            [0.1012865073234563, 0.1012865073234563, 0.7974269853530873],
            [0.4701420641051151, 0.0597158717897699, 0.4701420641051151],
            [0.1012865073234563, 0.7974269853530873, 0.1012865073234563],
            [0.0597158717897699, 0.4701420641051151, 0.4701420641051151],
            [0.7974269853530873, 0.1012865073234563, 0.1012865073234563],
        ]
        reference_weights = [
            0.2250000000000001,
            0.1323941527885062,
            0.1259391805448272,
            0.1323941527885062,
            0.1259391805448272,
            0.1323941527885062,
            0.1259391805448272,
        ]
        jacobian = [
            [
                [-0.7071067811865476, 0.7071067811865476, 0.0000000000000000],
                [-0.7071067811865476, 0.0000000000000000, 0.7071067811865476],
                [-0.7071067811865476, 0.7071067811865476, 0.0000000000000000],
                [-0.7071067811865476, 0.0000000000000000, 0.7071067811865476],
            ],
            [
                [-0.7071067811865476, 0.7071067811865476, 0.0000000000000000],
                [-0.7071067811865476, 0.0000000000000000, 0.7071067811865476],
                [-0.7071067811865476, 0.7071067811865476, 0.0000000000000000],
                [-0.7071067811865476, 0.0000000000000000, 0.7071067811865476],
            ],
            [
                [-0.7071067811865476, 0.7071067811865476, 0.0000000000000000],
                [-0.7071067811865476, 0.0000000000000000, 0.7071067811865476],
                [-0.7071067811865476, 0.7071067811865476, 0.0000000000000000],
                [-0.7071067811865476, 0.0000000000000000, 0.7071067811865476],
            ],
            [
                [-0.7071067811865476, 0.7071067811865476, 0.0000000000000000],
                [-0.7071067811865476, 0.0000000000000000, 0.7071067811865476],
                [-0.7071067811865476, 0.7071067811865476, 0.0000000000000000],
                [-0.7071067811865476, 0.0000000000000000, 0.7071067811865476],
            ],
            [
                [-0.7071067811865476, 0.7071067811865476, 0.0000000000000000],
                [-0.7071067811865476, 0.0000000000000000, 0.7071067811865476],
                [-0.7071067811865476, 0.7071067811865476, 0.0000000000000000],
                [-0.7071067811865476, 0.0000000000000000, 0.7071067811865476],
            ],
            [
                [-0.7071067811865476, 0.7071067811865476, 0.0000000000000000],
                [-0.7071067811865476, 0.0000000000000000, 0.7071067811865476],
                [-0.7071067811865476, 0.7071067811865476, 0.0000000000000000],
                [-0.7071067811865476, 0.0000000000000000, 0.7071067811865476],
            ],
            [
                [-0.7071067811865476, 0.7071067811865476, 0.0000000000000000],
                [-0.7071067811865476, 0.0000000000000000, 0.7071067811865476],
                [-0.7071067811865476, 0.7071067811865476, 0.0000000000000000],
                [-0.7071067811865476, 0.0000000000000000, 0.7071067811865476],
            ],
        ]
    elif integration_order == 6:
        reference_points = [
            [0.2492867451709104, 0.2492867451709104, 0.5014265096581791],
            [0.0630890144915023, 0.0630890144915023, 0.8738219710169954],
            [0.2492867451709104, 0.5014265096581791, 0.2492867451709104],
            [0.0630890144915023, 0.8738219710169954, 0.0630890144915023],
            [0.5014265096581791, 0.2492867451709104, 0.2492867451709104],
            [0.8738219710169954, 0.0630890144915023, 0.0630890144915023],
            [0.0531450498448170, 0.3103524510337844, 0.6365024991213987],
            [0.6365024991213987, 0.0531450498448170, 0.3103524510337844],
            [0.3103524510337844, 0.6365024991213987, 0.0531450498448170],
            [0.3103524510337844, 0.0531450498448170, 0.6365024991213987],
            [0.6365024991213987, 0.3103524510337844, 0.0531450498448170],
            [0.0531450498448170, 0.6365024991213987, 0.3103524510337844],
        ]
        reference_weights = [
            0.1167862757263794,
            0.0508449063702069,
            0.1167862757263794,
            0.0508449063702069,
            0.1167862757263794,
            0.0508449063702069,
            0.0828510756183736,
            0.0828510756183736,
            0.0828510756183736,
            0.0828510756183736,
            0.0828510756183736,
            0.0828510756183736,
        ]
        jacobian = [
            [
                [-0.7071067811865476, 0.7071067811865476, 0.0000000000000000],
                [-0.7071067811865476, 0.0000000000000000, 0.7071067811865476],
                [-0.7071067811865476, 0.7071067811865476, 0.0000000000000000],
                [-0.7071067811865476, 0.0000000000000000, 0.7071067811865476],
            ],
            [
                [-0.7071067811865476, 0.7071067811865476, 0.0000000000000000],
                [-0.7071067811865476, 0.0000000000000000, 0.7071067811865476],
                [-0.7071067811865476, 0.7071067811865476, 0.0000000000000000],
                [-0.7071067811865476, 0.0000000000000000, 0.7071067811865476],
            ],
            [
                [-0.7071067811865476, 0.7071067811865476, 0.0000000000000000],
                [-0.7071067811865476, 0.0000000000000000, 0.7071067811865476],
                [-0.7071067811865476, 0.7071067811865476, 0.0000000000000000],
                [-0.7071067811865476, 0.0000000000000000, 0.7071067811865476],
            ],
            [
                [-0.7071067811865476, 0.7071067811865476, 0.0000000000000000],
                [-0.7071067811865476, 0.0000000000000000, 0.7071067811865476],
                [-0.7071067811865476, 0.7071067811865476, 0.0000000000000000],
                [-0.7071067811865476, 0.0000000000000000, 0.7071067811865476],
            ],
            [
                [-0.7071067811865476, 0.7071067811865476, 0.0000000000000000],
                [-0.7071067811865476, 0.0000000000000000, 0.7071067811865476],
                [-0.7071067811865476, 0.7071067811865476, 0.0000000000000000],
                [-0.7071067811865476, 0.0000000000000000, 0.7071067811865476],
            ],
            [
                [-0.7071067811865476, 0.7071067811865476, 0.0000000000000000],
                [-0.7071067811865476, 0.0000000000000000, 0.7071067811865476],
                [-0.7071067811865476, 0.7071067811865476, 0.0000000000000000],
                [-0.7071067811865476, 0.0000000000000000, 0.7071067811865476],
            ],
            [
                [-0.7071067811865476, 0.7071067811865476, 0.0000000000000000],
                [-0.7071067811865476, 0.0000000000000000, 0.7071067811865476],
                [-0.7071067811865476, 0.7071067811865476, 0.0000000000000000],
                [-0.7071067811865476, 0.0000000000000000, 0.7071067811865476],
            ],
            [
                [-0.7071067811865476, 0.7071067811865476, 0.0000000000000000],
                [-0.7071067811865476, 0.0000000000000000, 0.7071067811865476],
                [-0.7071067811865476, 0.7071067811865476, 0.0000000000000000],
                [-0.7071067811865476, 0.0000000000000000, 0.7071067811865476],
            ],
            [
                [-0.7071067811865476, 0.7071067811865476, 0.0000000000000000],
                [-0.7071067811865476, 0.0000000000000000, 0.7071067811865476],
                [-0.7071067811865476, 0.7071067811865476, 0.0000000000000000],
                [-0.7071067811865476, 0.0000000000000000, 0.7071067811865476],
            ],
            [
                [-0.7071067811865476, 0.7071067811865476, 0.0000000000000000],
                [-0.7071067811865476, 0.0000000000000000, 0.7071067811865476],
                [-0.7071067811865476, 0.7071067811865476, 0.0000000000000000],
                [-0.7071067811865476, 0.0000000000000000, 0.7071067811865476],
            ],
            [
                [-0.7071067811865476, 0.7071067811865476, 0.0000000000000000],
                [-0.7071067811865476, 0.0000000000000000, 0.7071067811865476],
                [-0.7071067811865476, 0.7071067811865476, 0.0000000000000000],
                [-0.7071067811865476, 0.0000000000000000, 0.7071067811865476],
            ],
            [
                [-0.7071067811865476, 0.7071067811865476, 0.0000000000000000],
                [-0.7071067811865476, 0.0000000000000000, 0.7071067811865476],
                [-0.7071067811865476, 0.7071067811865476, 0.0000000000000000],
                [-0.7071067811865476, 0.0000000000000000, 0.7071067811865476],
            ],
        ]
    elif integration_order == 7:
        reference_points = [
            [0.3333333333333333, 0.3333333333333333, 0.3333333333333333],
            [0.2603459660790399, 0.2603459660790399, 0.4793080678419203],
            [0.0651301029022158, 0.0651301029022158, 0.8697397941955683],
            [0.2603459660790399, 0.4793080678419203, 0.2603459660790399],
            [0.0651301029022158, 0.8697397941955683, 0.0651301029022158],
            [0.4793080678419203, 0.2603459660790399, 0.2603459660790399],
            [0.8697397941955683, 0.0651301029022158, 0.0651301029022158],
            [0.0486903154253164, 0.3128654960048739, 0.6384441885698097],
            [0.6384441885698097, 0.0486903154253164, 0.3128654960048739],
            [0.3128654960048739, 0.6384441885698097, 0.0486903154253164],
            [0.3128654960048739, 0.0486903154253164, 0.6384441885698097],
            [0.6384441885698097, 0.3128654960048739, 0.0486903154253164],
            [0.0486903154253164, 0.6384441885698097, 0.3128654960048739],
        ]
        reference_weights = [
            -0.1495700444676822,
            0.1756152574332078,
            0.0533472356088384,
            0.1756152574332078,
            0.0533472356088384,
            0.1756152574332078,
            0.0533472356088384,
            0.0771137608902571,
            0.0771137608902571,
            0.0771137608902571,
            0.0771137608902571,
            0.0771137608902571,
            0.0771137608902571,
        ]
        jacobian = [
            [
                [-0.7071067811865476, 0.7071067811865476, 0.0000000000000000],
                [-0.7071067811865476, 0.0000000000000000, 0.7071067811865476],
                [-0.7071067811865476, 0.7071067811865476, 0.0000000000000000],
                [-0.7071067811865476, 0.0000000000000000, 0.7071067811865476],
            ],
            [
                [-0.7071067811865476, 0.7071067811865476, 0.0000000000000000],
                [-0.7071067811865476, 0.0000000000000000, 0.7071067811865476],
                [-0.7071067811865476, 0.7071067811865476, 0.0000000000000000],
                [-0.7071067811865476, 0.0000000000000000, 0.7071067811865476],
            ],
            [
                [-0.7071067811865476, 0.7071067811865476, 0.0000000000000000],
                [-0.7071067811865476, 0.0000000000000000, 0.7071067811865476],
                [-0.7071067811865476, 0.7071067811865476, 0.0000000000000000],
                [-0.7071067811865476, 0.0000000000000000, 0.7071067811865476],
            ],
            [
                [-0.7071067811865476, 0.7071067811865476, 0.0000000000000000],
                [-0.7071067811865476, 0.0000000000000000, 0.7071067811865476],
                [-0.7071067811865476, 0.7071067811865476, 0.0000000000000000],
                [-0.7071067811865476, 0.0000000000000000, 0.7071067811865476],
            ],
            [
                [-0.7071067811865476, 0.7071067811865476, 0.0000000000000000],
                [-0.7071067811865476, 0.0000000000000000, 0.7071067811865476],
                [-0.7071067811865476, 0.7071067811865476, 0.0000000000000000],
                [-0.7071067811865476, 0.0000000000000000, 0.7071067811865476],
            ],
            [
                [-0.7071067811865476, 0.7071067811865476, 0.0000000000000000],
                [-0.7071067811865476, 0.0000000000000000, 0.7071067811865476],
                [-0.7071067811865476, 0.7071067811865476, 0.0000000000000000],
                [-0.7071067811865476, 0.0000000000000000, 0.7071067811865476],
            ],
            [
                [-0.7071067811865476, 0.7071067811865476, 0.0000000000000000],
                [-0.7071067811865476, 0.0000000000000000, 0.7071067811865476],
                [-0.7071067811865476, 0.7071067811865476, 0.0000000000000000],
                [-0.7071067811865476, 0.0000000000000000, 0.7071067811865476],
            ],
            [
                [-0.7071067811865476, 0.7071067811865476, 0.0000000000000000],
                [-0.7071067811865476, 0.0000000000000000, 0.7071067811865476],
                [-0.7071067811865476, 0.7071067811865476, 0.0000000000000000],
                [-0.7071067811865476, 0.0000000000000000, 0.7071067811865476],
            ],
            [
                [-0.7071067811865476, 0.7071067811865476, 0.0000000000000000],
                [-0.7071067811865476, 0.0000000000000000, 0.7071067811865476],
                [-0.7071067811865476, 0.7071067811865476, 0.0000000000000000],
                [-0.7071067811865476, 0.0000000000000000, 0.7071067811865476],
            ],
            [
                [-0.7071067811865476, 0.7071067811865476, 0.0000000000000000],
                [-0.7071067811865476, 0.0000000000000000, 0.7071067811865476],
                [-0.7071067811865476, 0.7071067811865476, 0.0000000000000000],
                [-0.7071067811865476, 0.0000000000000000, 0.7071067811865476],
            ],
            [
                [-0.7071067811865476, 0.7071067811865476, 0.0000000000000000],
                [-0.7071067811865476, 0.0000000000000000, 0.7071067811865476],
                [-0.7071067811865476, 0.7071067811865476, 0.0000000000000000],
                [-0.7071067811865476, 0.0000000000000000, 0.7071067811865476],
            ],
            [
                [-0.7071067811865476, 0.7071067811865476, 0.0000000000000000],
                [-0.7071067811865476, 0.0000000000000000, 0.7071067811865476],
                [-0.7071067811865476, 0.7071067811865476, 0.0000000000000000],
                [-0.7071067811865476, 0.0000000000000000, 0.7071067811865476],
            ],
            [
                [-0.7071067811865476, 0.7071067811865476, 0.0000000000000000],
                [-0.7071067811865476, 0.0000000000000000, 0.7071067811865476],
                [-0.7071067811865476, 0.7071067811865476, 0.0000000000000000],
                [-0.7071067811865476, 0.0000000000000000, 0.7071067811865476],
            ],
        ]
    elif integration_order == 8:
        reference_points = [
            [0.3333333333333333, 0.3333333333333333, 0.3333333333333333],
            [0.4592925882927232, 0.4592925882927232, 0.0814148234145536],
            [0.1705693077517603, 0.1705693077517603, 0.6588613844964795],
            [0.0505472283170311, 0.0505472283170311, 0.8989055433659379],
            [0.4592925882927232, 0.0814148234145536, 0.4592925882927232],
            [0.1705693077517603, 0.6588613844964795, 0.1705693077517603],
            [0.0505472283170311, 0.8989055433659379, 0.0505472283170311],
            [0.0814148234145536, 0.4592925882927232, 0.4592925882927232],
            [0.6588613844964795, 0.1705693077517603, 0.1705693077517603],
            [0.8989055433659379, 0.0505472283170311, 0.0505472283170311],
            [0.0083947774099577, 0.2631128296346381, 0.7284923929554042],
            [0.7284923929554042, 0.0083947774099577, 0.2631128296346381],
            [0.2631128296346381, 0.7284923929554042, 0.0083947774099577],
            [0.2631128296346381, 0.0083947774099577, 0.7284923929554042],
            [0.7284923929554042, 0.2631128296346381, 0.0083947774099577],
            [0.0083947774099577, 0.7284923929554042, 0.2631128296346381],
        ]
        reference_weights = [
            0.1443156076777871,
            0.0950916342672846,
            0.1032173705347181,
            0.0324584976231981,
            0.0950916342672846,
            0.1032173705347181,
            0.0324584976231981,
            0.0950916342672846,
            0.1032173705347181,
            0.0324584976231981,
            0.0272303141744350,
            0.0272303141744350,
            0.0272303141744350,
            0.0272303141744350,
            0.0272303141744350,
            0.0272303141744350,
        ]
        jacobian = [
            [
                [-0.7071067811865476, 0.7071067811865476, 0.0000000000000000],
                [-0.7071067811865476, 0.0000000000000000, 0.7071067811865476],
                [-0.7071067811865476, 0.7071067811865476, 0.0000000000000000],
                [-0.7071067811865476, 0.0000000000000000, 0.7071067811865476],
            ],
            [
                [-0.7071067811865476, 0.7071067811865476, 0.0000000000000000],
                [-0.7071067811865476, 0.0000000000000000, 0.7071067811865476],
                [-0.7071067811865476, 0.7071067811865476, 0.0000000000000000],
                [-0.7071067811865476, 0.0000000000000000, 0.7071067811865476],
            ],
            [
                [-0.7071067811865476, 0.7071067811865476, 0.0000000000000000],
                [-0.7071067811865476, 0.0000000000000000, 0.7071067811865476],
                [-0.7071067811865476, 0.7071067811865476, 0.0000000000000000],
                [-0.7071067811865476, 0.0000000000000000, 0.7071067811865476],
            ],
            [
                [-0.7071067811865476, 0.7071067811865476, 0.0000000000000000],
                [-0.7071067811865476, 0.0000000000000000, 0.7071067811865476],
                [-0.7071067811865476, 0.7071067811865476, 0.0000000000000000],
                [-0.7071067811865476, 0.0000000000000000, 0.7071067811865476],
            ],
            [
                [-0.7071067811865476, 0.7071067811865476, 0.0000000000000000],
                [-0.7071067811865476, 0.0000000000000000, 0.7071067811865476],
                [-0.7071067811865476, 0.7071067811865476, 0.0000000000000000],
                [-0.7071067811865476, 0.0000000000000000, 0.7071067811865476],
            ],
            [
                [-0.7071067811865476, 0.7071067811865476, 0.0000000000000000],
                [-0.7071067811865476, 0.0000000000000000, 0.7071067811865476],
                [-0.7071067811865476, 0.7071067811865476, 0.0000000000000000],
                [-0.7071067811865476, 0.0000000000000000, 0.7071067811865476],
            ],
            [
                [-0.7071067811865476, 0.7071067811865476, 0.0000000000000000],
                [-0.7071067811865476, 0.0000000000000000, 0.7071067811865476],
                [-0.7071067811865476, 0.7071067811865476, 0.0000000000000000],
                [-0.7071067811865476, 0.0000000000000000, 0.7071067811865476],
            ],
            [
                [-0.7071067811865476, 0.7071067811865476, 0.0000000000000000],
                [-0.7071067811865476, 0.0000000000000000, 0.7071067811865476],
                [-0.7071067811865476, 0.7071067811865476, 0.0000000000000000],
                [-0.7071067811865476, 0.0000000000000000, 0.7071067811865476],
            ],
            [
                [-0.7071067811865476, 0.7071067811865476, 0.0000000000000000],
                [-0.7071067811865476, 0.0000000000000000, 0.7071067811865476],
                [-0.7071067811865476, 0.7071067811865476, 0.0000000000000000],
                [-0.7071067811865476, 0.0000000000000000, 0.7071067811865476],
            ],
            [
                [-0.7071067811865476, 0.7071067811865476, 0.0000000000000000],
                [-0.7071067811865476, 0.0000000000000000, 0.7071067811865476],
                [-0.7071067811865476, 0.7071067811865476, 0.0000000000000000],
                [-0.7071067811865476, 0.0000000000000000, 0.7071067811865476],
            ],
            [
                [-0.7071067811865476, 0.7071067811865476, 0.0000000000000000],
                [-0.7071067811865476, 0.0000000000000000, 0.7071067811865476],
                [-0.7071067811865476, 0.7071067811865476, 0.0000000000000000],
                [-0.7071067811865476, 0.0000000000000000, 0.7071067811865476],
            ],
            [
                [-0.7071067811865476, 0.7071067811865476, 0.0000000000000000],
                [-0.7071067811865476, 0.0000000000000000, 0.7071067811865476],
                [-0.7071067811865476, 0.7071067811865476, 0.0000000000000000],
                [-0.7071067811865476, 0.0000000000000000, 0.7071067811865476],
            ],
            [
                [-0.7071067811865476, 0.7071067811865476, 0.0000000000000000],
                [-0.7071067811865476, 0.0000000000000000, 0.7071067811865476],
                [-0.7071067811865476, 0.7071067811865476, 0.0000000000000000],
                [-0.7071067811865476, 0.0000000000000000, 0.7071067811865476],
            ],
            [
                [-0.7071067811865476, 0.7071067811865476, 0.0000000000000000],
                [-0.7071067811865476, 0.0000000000000000, 0.7071067811865476],
                [-0.7071067811865476, 0.7071067811865476, 0.0000000000000000],
                [-0.7071067811865476, 0.0000000000000000, 0.7071067811865476],
            ],
            [
                [-0.7071067811865476, 0.7071067811865476, 0.0000000000000000],
                [-0.7071067811865476, 0.0000000000000000, 0.7071067811865476],
                [-0.7071067811865476, 0.7071067811865476, 0.0000000000000000],
                [-0.7071067811865476, 0.0000000000000000, 0.7071067811865476],
            ],
            [
                [-0.7071067811865476, 0.7071067811865476, 0.0000000000000000],
                [-0.7071067811865476, 0.0000000000000000, 0.7071067811865476],
                [-0.7071067811865476, 0.7071067811865476, 0.0000000000000000],
                [-0.7071067811865476, 0.0000000000000000, 0.7071067811865476],
            ],
        ]
    else:
        raise ValueError("quadrature order not supported")
    if quadrature_item == QuadratureItem.POINTS:
        return np.array(reference_points)
    elif quadrature_item == QuadratureItem.WEIGHTS:
        return np.array(reference_weights)
    elif quadrature_item == QuadratureItem.JACOBIAN:
        return np.array(jacobian)
    else:
        raise KeyError("either points or weights")